100
2 20 10
2 10 0
4 25 25 25 25
3 24 30 21
100 97 6 79 58 38 52 92 57 21 6 25 99 63 18 72 93 15 60 97 51 74 81 65 96 24 36 17 61 29 88 39 68 43 30 63 61 59 88 51 55 93 95 89 88 32 31 37 21 13 53 68 99 21 9 57 12 26 21 20 54 27 87 96 77 57 61 41 77 79 95 46 60 63 54 21 24 88 56 42 22 10 87 63 99 67 66 100 24 69 70 42 25 18 18 88 72 24 74 72 74
100 97 6 79 58 38 52 92 57 21 6 25 99 63 18 72 93 15 60 97 51 74 81 65 96 24 36 17 61 29 88 39 68 43 30 63 61 59 88 51 55 93 95 89 88 32 31 37 21 13 53 68 99 21 9 57 12 26 21 20 54 27 87 96 77 57 61 41 77 79 95 46 60 63 54 21 24 88 56 42 22 10 87 63 99 67 66 100 24 69 70 42 25 18 18 88 72 24 74 72 74
100 97 6 79 58 38 52 92 57 21 6 25 99 63 18 72 93 15 60 97 51 74 81 65 96 24 36 17 61 29 88 39 68 43 30 63 61 59 88 51 55 93 95 89 88 32 31 37 21 13 53 68 99 21 9 57 12 26 21 20 54 27 87 96 77 57 61 41 77 79 95 46 60 63 54 21 24 88 56 42 22 10 87 63 99 67 66 100 24 69 70 42 25 18 18 88 72 24 74 72 74
100 97 6 79 58 38 52 92 57 21 6 25 99 63 18 72 93 15 60 97 51 74 81 65 96 24 36 17 61 29 88 39 68 43 30 63 61 59 88 51 55 93 95 89 88 32 31 37 21 13 53 68 99 21 9 57 12 26 21 20 54 27 87 96 77 57 61 41 77 79 95 46 60 63 54 21 24 88 56 42 22 10 87 63 99 67 66 100 24 69 70 42 25 18 18 88 72 24 74 72 74
100 97 6 79 58 38 52 92 57 21 6 25 99 63 18 72 93 15 60 97 51 74 81 65 96 24 36 17 61 29 88 39 68 43 30 63 61 59 88 51 55 93 95 89 88 32 31 37 21 13 53 68 99 21 9 57 12 26 21 20 54 27 87 96 77 57 61 41 77 79 95 46 60 63 54 21 24 88 56 42 22 10 87 63 99 67 66 100 24 69 70 42 25 18 18 88 72 24 74 72 74
100 97 6 79 58 38 52 92 57 21 6 25 99 63 18 72 93 15 60 97 51 74 81 65 96 24 36 17 61 29 88 39 68 43 30 63 61 59 88 51 55 93 95 89 88 32 31 37 21 13 53 68 99 21 9 57 12 26 21 20 54 27 87 96 77 57 61 41 77 79 95 46 60 63 54 21 24 88 56 42 22 10 87 63 99 67 66 100 24 69 70 42 25 18 18 88 72 24 74 72 74
100 97 6 79 58 38 52 92 57 21 6 25 99 63 18 72 93 15 60 97 51 74 81 65 96 24 36 17 61 29 88 39 68 43 30 63 61 59 88 51 55 93 95 89 88 32 31 37 21 13 53 68 99 21 9 57 12 26 21 20 54 27 87 96 77 57 61 41 77 79 95 46 60 63 54 21 24 88 56 42 22 10 87 63 99 67 66 100 24 69 70 42 25 18 18 88 72 24 74 72 74
100 97 6 79 58 38 52 92 57 21 6 25 99 63 18 72 93 15 60 97 51 74 81 65 96 24 36 17 61 29 88 39 68 43 30 63 61 59 88 51 55 93 95 89 88 32 31 37 21 13 53 68 99 21 9 57 12 26 21 20 54 27 87 96 77 57 61 41 77 79 95 46 60 63 54 21 24 88 56 42 22 10 87 63 99 67 66 100 24 69 70 42 25 18 18 88 72 24 74 72 74
100 97 6 79 58 38 52 92 57 21 6 25 99 63 18 72 93 15 60 97 51 74 81 65 96 24 36 17 61 29 88 39 68 43 30 63 61 59 88 51 55 93 95 89 88 32 31 37 21 13 53 68 99 21 9 57 12 26 21 20 54 27 87 96 77 57 61 41 77 79 95 46 60 63 54 21 24 88 56 42 22 10 87 63 99 67 66 100 24 69 70 42 25 18 18 88 72 24 74 72 74
100 97 6 79 58 38 52 92 57 21 6 25 99 63 18 72 93 15 60 97 51 74 81 65 96 24 36 17 61 29 88 39 68 43 30 63 61 59 88 51 55 93 95 89 88 32 31 37 21 13 53 68 99 21 9 57 12 26 21 20 54 27 87 96 77 57 61 41 77 79 95 46 60 63 54 21 24 88 56 42 22 10 87 63 99 67 66 100 24 69 70 42 25 18 18 88 72 24 74 72 74
100 97 6 79 58 38 52 92 57 21 6 25 99 63 18 72 93 15 60 97 51 74 81 65 96 24 36 17 61 29 88 39 68 43 30 63 61 59 88 51 55 93 95 89 88 32 31 37 21 13 53 68 99 21 9 57 12 26 21 20 54 27 87 96 77 57 61 41 77 79 95 46 60 63 54 21 24 88 56 42 22 10 87 63 99 67 66 100 24 69 70 42 25 18 18 88 72 24 74 72 74
100 97 6 79 58 38 52 92 57 21 6 25 99 63 18 72 93 15 60 97 51 74 81 65 96 24 36 17 61 29 88 39 68 43 30 63 61 59 88 51 55 93 95 89 88 32 31 37 21 13 53 68 99 21 9 57 12 26 21 20 54 27 87 96 77 57 61 41 77 79 95 46 60 63 54 21 24 88 56 42 22 10 87 63 99 67 66 100 24 69 70 42 25 18 18 88 72 24 74 72 74
100 97 6 79 58 38 52 92 57 21 6 25 99 63 18 72 93 15 60 97 51 74 81 65 96 24 36 17 61 29 88 39 68 43 30 63 61 59 88 51 55 93 95 89 88 32 31 37 21 13 53 68 99 21 9 57 12 26 21 20 54 27 87 96 77 57 61 41 77 79 95 46 60 63 54 21 24 88 56 42 22 10 87 63 99 67 66 100 24 69 70 42 25 18 18 88 72 24 74 72 74
100 97 6 79 58 38 52 92 57 21 6 25 99 63 18 72 93 15 60 97 51 74 81 65 96 24 36 17 61 29 88 39 68 43 30 63 61 59 88 51 55 93 95 89 88 32 31 37 21 13 53 68 99 21 9 57 12 26 21 20 54 27 87 96 77 57 61 41 77 79 95 46 60 63 54 21 24 88 56 42 22 10 87 63 99 67 66 100 24 69 70 42 25 18 18 88 72 24 74 72 74
100 97 6 79 58 38 52 92 57 21 6 25 99 63 18 72 93 15 60 97 51 74 81 65 96 24 36 17 61 29 88 39 68 43 30 63 61 59 88 51 55 93 95 89 88 32 31 37 21 13 53 68 99 21 9 57 12 26 21 20 54 27 87 96 77 57 61 41 77 79 95 46 60 63 54 21 24 88 56 42 22 10 87 63 99 67 66 100 24 69 70 42 25 18 18 88 72 24 74 72 74
100 97 6 79 58 38 52 92 57 21 6 25 99 63 18 72 93 15 60 97 51 74 81 65 96 24 36 17 61 29 88 39 68 43 30 63 61 59 88 51 55 93 95 89 88 32 31 37 21 13 53 68 99 21 9 57 12 26 21 20 54 27 87 96 77 57 61 41 77 79 95 46 60 63 54 21 24 88 56 42 22 10 87 63 99 67 66 100 24 69 70 42 25 18 18 88 72 24 74 72 74
100 97 6 79 58 38 52 92 57 21 6 25 99 63 18 72 93 15 60 97 51 74 81 65 96 24 36 17 61 29 88 39 68 43 30 63 61 59 88 51 55 93 95 89 88 32 31 37 21 13 53 68 99 21 9 57 12 26 21 20 54 27 87 96 77 57 61 41 77 79 95 46 60 63 54 21 24 88 56 42 22 10 87 63 99 67 66 100 24 69 70 42 25 18 18 88 72 24 74 72 74
100 97 6 79 58 38 52 92 57 21 6 25 99 63 18 72 93 15 60 97 51 74 81 65 96 24 36 17 61 29 88 39 68 43 30 63 61 59 88 51 55 93 95 89 88 32 31 37 21 13 53 68 99 21 9 57 12 26 21 20 54 27 87 96 77 57 61 41 77 79 95 46 60 63 54 21 24 88 56 42 22 10 87 63 99 67 66 100 24 69 70 42 25 18 18 88 72 24 74 72 74
100 97 6 79 58 38 52 92 57 21 6 25 99 63 18 72 93 15 60 97 51 74 81 65 96 24 36 17 61 29 88 39 68 43 30 63 61 59 88 51 55 93 95 89 88 32 31 37 21 13 53 68 99 21 9 57 12 26 21 20 54 27 87 96 77 57 61 41 77 79 95 46 60 63 54 21 24 88 56 42 22 10 87 63 99 67 66 100 24 69 70 42 25 18 18 88 72 24 74 72 74
100 97 6 79 58 38 52 92 57 21 6 25 99 63 18 72 93 15 60 97 51 74 81 65 96 24 36 17 61 29 88 39 68 43 30 63 61 59 88 51 55 93 95 89 88 32 31 37 21 13 53 68 99 21 9 57 12 26 21 20 54 27 87 96 77 57 61 41 77 79 95 46 60 63 54 21 24 88 56 42 22 10 87 63 99 67 66 100 24 69 70 42 25 18 18 88 72 24 74 72 74
100 97 6 79 58 38 52 92 57 21 6 25 99 63 18 72 93 15 60 97 51 74 81 65 96 24 36 17 61 29 88 39 68 43 30 63 61 59 88 51 55 93 95 89 88 32 31 37 21 13 53 68 99 21 9 57 12 26 21 20 54 27 87 96 77 57 61 41 77 79 95 46 60 63 54 21 24 88 56 42 22 10 87 63 99 67 66 100 24 69 70 42 25 18 18 88 72 24 74 72 74
100 97 6 79 58 38 52 92 57 21 6 25 99 63 18 72 93 15 60 97 51 74 81 65 96 24 36 17 61 29 88 39 68 43 30 63 61 59 88 51 55 93 95 89 88 32 31 37 21 13 53 68 99 21 9 57 12 26 21 20 54 27 87 96 77 57 61 41 77 79 95 46 60 63 54 21 24 88 56 42 22 10 87 63 99 67 66 100 24 69 70 42 25 18 18 88 72 24 74 72 74
100 97 6 79 58 38 52 92 57 21 6 25 99 63 18 72 93 15 60 97 51 74 81 65 96 24 36 17 61 29 88 39 68 43 30 63 61 59 88 51 55 93 95 89 88 32 31 37 21 13 53 68 99 21 9 57 12 26 21 20 54 27 87 96 77 57 61 41 77 79 95 46 60 63 54 21 24 88 56 42 22 10 87 63 99 67 66 100 24 69 70 42 25 18 18 88 72 24 74 72 74
100 97 6 79 58 38 52 92 57 21 6 25 99 63 18 72 93 15 60 97 51 74 81 65 96 24 36 17 61 29 88 39 68 43 30 63 61 59 88 51 55 93 95 89 88 32 31 37 21 13 53 68 99 21 9 57 12 26 21 20 54 27 87 96 77 57 61 41 77 79 95 46 60 63 54 21 24 88 56 42 22 10 87 63 99 67 66 100 24 69 70 42 25 18 18 88 72 24 74 72 74
100 97 6 79 58 38 52 92 57 21 6 25 99 63 18 72 93 15 60 97 51 74 81 65 96 24 36 17 61 29 88 39 68 43 30 63 61 59 88 51 55 93 95 89 88 32 31 37 21 13 53 68 99 21 9 57 12 26 21 20 54 27 87 96 77 57 61 41 77 79 95 46 60 63 54 21 24 88 56 42 22 10 87 63 99 67 66 100 24 69 70 42 25 18 18 88 72 24 74 72 74
100 97 6 79 58 38 52 92 57 21 6 25 99 63 18 72 93 15 60 97 51 74 81 65 96 24 36 17 61 29 88 39 68 43 30 63 61 59 88 51 55 93 95 89 88 32 31 37 21 13 53 68 99 21 9 57 12 26 21 20 54 27 87 96 77 57 61 41 77 79 95 46 60 63 54 21 24 88 56 42 22 10 87 63 99 67 66 100 24 69 70 42 25 18 18 88 72 24 74 72 74
100 97 6 79 58 38 52 92 57 21 6 25 99 63 18 72 93 15 60 97 51 74 81 65 96 24 36 17 61 29 88 39 68 43 30 63 61 59 88 51 55 93 95 89 88 32 31 37 21 13 53 68 99 21 9 57 12 26 21 20 54 27 87 96 77 57 61 41 77 79 95 46 60 63 54 21 24 88 56 42 22 10 87 63 99 67 66 100 24 69 70 42 25 18 18 88 72 24 74 72 74
100 97 6 79 58 38 52 92 57 21 6 25 99 63 18 72 93 15 60 97 51 74 81 65 96 24 36 17 61 29 88 39 68 43 30 63 61 59 88 51 55 93 95 89 88 32 31 37 21 13 53 68 99 21 9 57 12 26 21 20 54 27 87 96 77 57 61 41 77 79 95 46 60 63 54 21 24 88 56 42 22 10 87 63 99 67 66 100 24 69 70 42 25 18 18 88 72 24 74 72 74
100 97 6 79 58 38 52 92 57 21 6 25 99 63 18 72 93 15 60 97 51 74 81 65 96 24 36 17 61 29 88 39 68 43 30 63 61 59 88 51 55 93 95 89 88 32 31 37 21 13 53 68 99 21 9 57 12 26 21 20 54 27 87 96 77 57 61 41 77 79 95 46 60 63 54 21 24 88 56 42 22 10 87 63 99 67 66 100 24 69 70 42 25 18 18 88 72 24 74 72 74
100 97 6 79 58 38 52 92 57 21 6 25 99 63 18 72 93 15 60 97 51 74 81 65 96 24 36 17 61 29 88 39 68 43 30 63 61 59 88 51 55 93 95 89 88 32 31 37 21 13 53 68 99 21 9 57 12 26 21 20 54 27 87 96 77 57 61 41 77 79 95 46 60 63 54 21 24 88 56 42 22 10 87 63 99 67 66 100 24 69 70 42 25 18 18 88 72 24 74 72 74
100 97 6 79 58 38 52 92 57 21 6 25 99 63 18 72 93 15 60 97 51 74 81 65 96 24 36 17 61 29 88 39 68 43 30 63 61 59 88 51 55 93 95 89 88 32 31 37 21 13 53 68 99 21 9 57 12 26 21 20 54 27 87 96 77 57 61 41 77 79 95 46 60 63 54 21 24 88 56 42 22 10 87 63 99 67 66 100 24 69 70 42 25 18 18 88 72 24 74 72 74
100 97 6 79 58 38 52 92 57 21 6 25 99 63 18 72 93 15 60 97 51 74 81 65 96 24 36 17 61 29 88 39 68 43 30 63 61 59 88 51 55 93 95 89 88 32 31 37 21 13 53 68 99 21 9 57 12 26 21 20 54 27 87 96 77 57 61 41 77 79 95 46 60 63 54 21 24 88 56 42 22 10 87 63 99 67 66 100 24 69 70 42 25 18 18 88 72 24 74 72 74
100 97 6 79 58 38 52 92 57 21 6 25 99 63 18 72 93 15 60 97 51 74 81 65 96 24 36 17 61 29 88 39 68 43 30 63 61 59 88 51 55 93 95 89 88 32 31 37 21 13 53 68 99 21 9 57 12 26 21 20 54 27 87 96 77 57 61 41 77 79 95 46 60 63 54 21 24 88 56 42 22 10 87 63 99 67 66 100 24 69 70 42 25 18 18 88 72 24 74 72 74
100 97 6 79 58 38 52 92 57 21 6 25 99 63 18 72 93 15 60 97 51 74 81 65 96 24 36 17 61 29 88 39 68 43 30 63 61 59 88 51 55 93 95 89 88 32 31 37 21 13 53 68 99 21 9 57 12 26 21 20 54 27 87 96 77 57 61 41 77 79 95 46 60 63 54 21 24 88 56 42 22 10 87 63 99 67 66 100 24 69 70 42 25 18 18 88 72 24 74 72 74
100 97 6 79 58 38 52 92 57 21 6 25 99 63 18 72 93 15 60 97 51 74 81 65 96 24 36 17 61 29 88 39 68 43 30 63 61 59 88 51 55 93 95 89 88 32 31 37 21 13 53 68 99 21 9 57 12 26 21 20 54 27 87 96 77 57 61 41 77 79 95 46 60 63 54 21 24 88 56 42 22 10 87 63 99 67 66 100 24 69 70 42 25 18 18 88 72 24 74 72 74
100 97 6 79 58 38 52 92 57 21 6 25 99 63 18 72 93 15 60 97 51 74 81 65 96 24 36 17 61 29 88 39 68 43 30 63 61 59 88 51 55 93 95 89 88 32 31 37 21 13 53 68 99 21 9 57 12 26 21 20 54 27 87 96 77 57 61 41 77 79 95 46 60 63 54 21 24 88 56 42 22 10 87 63 99 67 66 100 24 69 70 42 25 18 18 88 72 24 74 72 74
100 97 6 79 58 38 52 92 57 21 6 25 99 63 18 72 93 15 60 97 51 74 81 65 96 24 36 17 61 29 88 39 68 43 30 63 61 59 88 51 55 93 95 89 88 32 31 37 21 13 53 68 99 21 9 57 12 26 21 20 54 27 87 96 77 57 61 41 77 79 95 46 60 63 54 21 24 88 56 42 22 10 87 63 99 67 66 100 24 69 70 42 25 18 18 88 72 24 74 72 74
100 97 6 79 58 38 52 92 57 21 6 25 99 63 18 72 93 15 60 97 51 74 81 65 96 24 36 17 61 29 88 39 68 43 30 63 61 59 88 51 55 93 95 89 88 32 31 37 21 13 53 68 99 21 9 57 12 26 21 20 54 27 87 96 77 57 61 41 77 79 95 46 60 63 54 21 24 88 56 42 22 10 87 63 99 67 66 100 24 69 70 42 25 18 18 88 72 24 74 72 74
100 97 6 79 58 38 52 92 57 21 6 25 99 63 18 72 93 15 60 97 51 74 81 65 96 24 36 17 61 29 88 39 68 43 30 63 61 59 88 51 55 93 95 89 88 32 31 37 21 13 53 68 99 21 9 57 12 26 21 20 54 27 87 96 77 57 61 41 77 79 95 46 60 63 54 21 24 88 56 42 22 10 87 63 99 67 66 100 24 69 70 42 25 18 18 88 72 24 74 72 74
100 97 6 79 58 38 52 92 57 21 6 25 99 63 18 72 93 15 60 97 51 74 81 65 96 24 36 17 61 29 88 39 68 43 30 63 61 59 88 51 55 93 95 89 88 32 31 37 21 13 53 68 99 21 9 57 12 26 21 20 54 27 87 96 77 57 61 41 77 79 95 46 60 63 54 21 24 88 56 42 22 10 87 63 99 67 66 100 24 69 70 42 25 18 18 88 72 24 74 72 74
100 97 6 79 58 38 52 92 57 21 6 25 99 63 18 72 93 15 60 97 51 74 81 65 96 24 36 17 61 29 88 39 68 43 30 63 61 59 88 51 55 93 95 89 88 32 31 37 21 13 53 68 99 21 9 57 12 26 21 20 54 27 87 96 77 57 61 41 77 79 95 46 60 63 54 21 24 88 56 42 22 10 87 63 99 67 66 100 24 69 70 42 25 18 18 88 72 24 74 72 74
100 97 6 79 58 38 52 92 57 21 6 25 99 63 18 72 93 15 60 97 51 74 81 65 96 24 36 17 61 29 88 39 68 43 30 63 61 59 88 51 55 93 95 89 88 32 31 37 21 13 53 68 99 21 9 57 12 26 21 20 54 27 87 96 77 57 61 41 77 79 95 46 60 63 54 21 24 88 56 42 22 10 87 63 99 67 66 100 24 69 70 42 25 18 18 88 72 24 74 72 74
100 97 6 79 58 38 52 92 57 21 6 25 99 63 18 72 93 15 60 97 51 74 81 65 96 24 36 17 61 29 88 39 68 43 30 63 61 59 88 51 55 93 95 89 88 32 31 37 21 13 53 68 99 21 9 57 12 26 21 20 54 27 87 96 77 57 61 41 77 79 95 46 60 63 54 21 24 88 56 42 22 10 87 63 99 67 66 100 24 69 70 42 25 18 18 88 72 24 74 72 74
100 97 6 79 58 38 52 92 57 21 6 25 99 63 18 72 93 15 60 97 51 74 81 65 96 24 36 17 61 29 88 39 68 43 30 63 61 59 88 51 55 93 95 89 88 32 31 37 21 13 53 68 99 21 9 57 12 26 21 20 54 27 87 96 77 57 61 41 77 79 95 46 60 63 54 21 24 88 56 42 22 10 87 63 99 67 66 100 24 69 70 42 25 18 18 88 72 24 74 72 74
100 97 6 79 58 38 52 92 57 21 6 25 99 63 18 72 93 15 60 97 51 74 81 65 96 24 36 17 61 29 88 39 68 43 30 63 61 59 88 51 55 93 95 89 88 32 31 37 21 13 53 68 99 21 9 57 12 26 21 20 54 27 87 96 77 57 61 41 77 79 95 46 60 63 54 21 24 88 56 42 22 10 87 63 99 67 66 100 24 69 70 42 25 18 18 88 72 24 74 72 74
100 97 6 79 58 38 52 92 57 21 6 25 99 63 18 72 93 15 60 97 51 74 81 65 96 24 36 17 61 29 88 39 68 43 30 63 61 59 88 51 55 93 95 89 88 32 31 37 21 13 53 68 99 21 9 57 12 26 21 20 54 27 87 96 77 57 61 41 77 79 95 46 60 63 54 21 24 88 56 42 22 10 87 63 99 67 66 100 24 69 70 42 25 18 18 88 72 24 74 72 74
100 97 6 79 58 38 52 92 57 21 6 25 99 63 18 72 93 15 60 97 51 74 81 65 96 24 36 17 61 29 88 39 68 43 30 63 61 59 88 51 55 93 95 89 88 32 31 37 21 13 53 68 99 21 9 57 12 26 21 20 54 27 87 96 77 57 61 41 77 79 95 46 60 63 54 21 24 88 56 42 22 10 87 63 99 67 66 100 24 69 70 42 25 18 18 88 72 24 74 72 74
100 97 6 79 58 38 52 92 57 21 6 25 99 63 18 72 93 15 60 97 51 74 81 65 96 24 36 17 61 29 88 39 68 43 30 63 61 59 88 51 55 93 95 89 88 32 31 37 21 13 53 68 99 21 9 57 12 26 21 20 54 27 87 96 77 57 61 41 77 79 95 46 60 63 54 21 24 88 56 42 22 10 87 63 99 67 66 100 24 69 70 42 25 18 18 88 72 24 74 72 74
100 97 6 79 58 38 52 92 57 21 6 25 99 63 18 72 93 15 60 97 51 74 81 65 96 24 36 17 61 29 88 39 68 43 30 63 61 59 88 51 55 93 95 89 88 32 31 37 21 13 53 68 99 21 9 57 12 26 21 20 54 27 87 96 77 57 61 41 77 79 95 46 60 63 54 21 24 88 56 42 22 10 87 63 99 67 66 100 24 69 70 42 25 18 18 88 72 24 74 72 74
100 97 6 79 58 38 52 92 57 21 6 25 99 63 18 72 93 15 60 97 51 74 81 65 96 24 36 17 61 29 88 39 68 43 30 63 61 59 88 51 55 93 95 89 88 32 31 37 21 13 53 68 99 21 9 57 12 26 21 20 54 27 87 96 77 57 61 41 77 79 95 46 60 63 54 21 24 88 56 42 22 10 87 63 99 67 66 100 24 69 70 42 25 18 18 88 72 24 74 72 74
100 97 6 79 58 38 52 92 57 21 6 25 99 63 18 72 93 15 60 97 51 74 81 65 96 24 36 17 61 29 88 39 68 43 30 63 61 59 88 51 55 93 95 89 88 32 31 37 21 13 53 68 99 21 9 57 12 26 21 20 54 27 87 96 77 57 61 41 77 79 95 46 60 63 54 21 24 88 56 42 22 10 87 63 99 67 66 100 24 69 70 42 25 18 18 88 72 24 74 72 74
100 97 6 79 58 38 52 92 57 21 6 25 99 63 18 72 93 15 60 97 51 74 81 65 96 24 36 17 61 29 88 39 68 43 30 63 61 59 88 51 55 93 95 89 88 32 31 37 21 13 53 68 99 21 9 57 12 26 21 20 54 27 87 96 77 57 61 41 77 79 95 46 60 63 54 21 24 88 56 42 22 10 87 63 99 67 66 100 24 69 70 42 25 18 18 88 72 24 74 72 74
100 97 6 79 58 38 52 92 57 21 6 25 99 63 18 72 93 15 60 97 51 74 81 65 96 24 36 17 61 29 88 39 68 43 30 63 61 59 88 51 55 93 95 89 88 32 31 37 21 13 53 68 99 21 9 57 12 26 21 20 54 27 87 96 77 57 61 41 77 79 95 46 60 63 54 21 24 88 56 42 22 10 87 63 99 67 66 100 24 69 70 42 25 18 18 88 72 24 74 72 74
100 97 6 79 58 38 52 92 57 21 6 25 99 63 18 72 93 15 60 97 51 74 81 65 96 24 36 17 61 29 88 39 68 43 30 63 61 59 88 51 55 93 95 89 88 32 31 37 21 13 53 68 99 21 9 57 12 26 21 20 54 27 87 96 77 57 61 41 77 79 95 46 60 63 54 21 24 88 56 42 22 10 87 63 99 67 66 100 24 69 70 42 25 18 18 88 72 24 74 72 74
100 97 6 79 58 38 52 92 57 21 6 25 99 63 18 72 93 15 60 97 51 74 81 65 96 24 36 17 61 29 88 39 68 43 30 63 61 59 88 51 55 93 95 89 88 32 31 37 21 13 53 68 99 21 9 57 12 26 21 20 54 27 87 96 77 57 61 41 77 79 95 46 60 63 54 21 24 88 56 42 22 10 87 63 99 67 66 100 24 69 70 42 25 18 18 88 72 24 74 72 74
100 97 6 79 58 38 52 92 57 21 6 25 99 63 18 72 93 15 60 97 51 74 81 65 96 24 36 17 61 29 88 39 68 43 30 63 61 59 88 51 55 93 95 89 88 32 31 37 21 13 53 68 99 21 9 57 12 26 21 20 54 27 87 96 77 57 61 41 77 79 95 46 60 63 54 21 24 88 56 42 22 10 87 63 99 67 66 100 24 69 70 42 25 18 18 88 72 24 74 72 74
100 97 6 79 58 38 52 92 57 21 6 25 99 63 18 72 93 15 60 97 51 74 81 65 96 24 36 17 61 29 88 39 68 43 30 63 61 59 88 51 55 93 95 89 88 32 31 37 21 13 53 68 99 21 9 57 12 26 21 20 54 27 87 96 77 57 61 41 77 79 95 46 60 63 54 21 24 88 56 42 22 10 87 63 99 67 66 100 24 69 70 42 25 18 18 88 72 24 74 72 74
100 97 6 79 58 38 52 92 57 21 6 25 99 63 18 72 93 15 60 97 51 74 81 65 96 24 36 17 61 29 88 39 68 43 30 63 61 59 88 51 55 93 95 89 88 32 31 37 21 13 53 68 99 21 9 57 12 26 21 20 54 27 87 96 77 57 61 41 77 79 95 46 60 63 54 21 24 88 56 42 22 10 87 63 99 67 66 100 24 69 70 42 25 18 18 88 72 24 74 72 74
100 97 6 79 58 38 52 92 57 21 6 25 99 63 18 72 93 15 60 97 51 74 81 65 96 24 36 17 61 29 88 39 68 43 30 63 61 59 88 51 55 93 95 89 88 32 31 37 21 13 53 68 99 21 9 57 12 26 21 20 54 27 87 96 77 57 61 41 77 79 95 46 60 63 54 21 24 88 56 42 22 10 87 63 99 67 66 100 24 69 70 42 25 18 18 88 72 24 74 72 74
100 97 6 79 58 38 52 92 57 21 6 25 99 63 18 72 93 15 60 97 51 74 81 65 96 24 36 17 61 29 88 39 68 43 30 63 61 59 88 51 55 93 95 89 88 32 31 37 21 13 53 68 99 21 9 57 12 26 21 20 54 27 87 96 77 57 61 41 77 79 95 46 60 63 54 21 24 88 56 42 22 10 87 63 99 67 66 100 24 69 70 42 25 18 18 88 72 24 74 72 74
100 97 6 79 58 38 52 92 57 21 6 25 99 63 18 72 93 15 60 97 51 74 81 65 96 24 36 17 61 29 88 39 68 43 30 63 61 59 88 51 55 93 95 89 88 32 31 37 21 13 53 68 99 21 9 57 12 26 21 20 54 27 87 96 77 57 61 41 77 79 95 46 60 63 54 21 24 88 56 42 22 10 87 63 99 67 66 100 24 69 70 42 25 18 18 88 72 24 74 72 74
100 97 6 79 58 38 52 92 57 21 6 25 99 63 18 72 93 15 60 97 51 74 81 65 96 24 36 17 61 29 88 39 68 43 30 63 61 59 88 51 55 93 95 89 88 32 31 37 21 13 53 68 99 21 9 57 12 26 21 20 54 27 87 96 77 57 61 41 77 79 95 46 60 63 54 21 24 88 56 42 22 10 87 63 99 67 66 100 24 69 70 42 25 18 18 88 72 24 74 72 74
100 97 6 79 58 38 52 92 57 21 6 25 99 63 18 72 93 15 60 97 51 74 81 65 96 24 36 17 61 29 88 39 68 43 30 63 61 59 88 51 55 93 95 89 88 32 31 37 21 13 53 68 99 21 9 57 12 26 21 20 54 27 87 96 77 57 61 41 77 79 95 46 60 63 54 21 24 88 56 42 22 10 87 63 99 67 66 100 24 69 70 42 25 18 18 88 72 24 74 72 74
100 97 6 79 58 38 52 92 57 21 6 25 99 63 18 72 93 15 60 97 51 74 81 65 96 24 36 17 61 29 88 39 68 43 30 63 61 59 88 51 55 93 95 89 88 32 31 37 21 13 53 68 99 21 9 57 12 26 21 20 54 27 87 96 77 57 61 41 77 79 95 46 60 63 54 21 24 88 56 42 22 10 87 63 99 67 66 100 24 69 70 42 25 18 18 88 72 24 74 72 74
100 97 6 79 58 38 52 92 57 21 6 25 99 63 18 72 93 15 60 97 51 74 81 65 96 24 36 17 61 29 88 39 68 43 30 63 61 59 88 51 55 93 95 89 88 32 31 37 21 13 53 68 99 21 9 57 12 26 21 20 54 27 87 96 77 57 61 41 77 79 95 46 60 63 54 21 24 88 56 42 22 10 87 63 99 67 66 100 24 69 70 42 25 18 18 88 72 24 74 72 74
100 97 6 79 58 38 52 92 57 21 6 25 99 63 18 72 93 15 60 97 51 74 81 65 96 24 36 17 61 29 88 39 68 43 30 63 61 59 88 51 55 93 95 89 88 32 31 37 21 13 53 68 99 21 9 57 12 26 21 20 54 27 87 96 77 57 61 41 77 79 95 46 60 63 54 21 24 88 56 42 22 10 87 63 99 67 66 100 24 69 70 42 25 18 18 88 72 24 74 72 74
100 97 6 79 58 38 52 92 57 21 6 25 99 63 18 72 93 15 60 97 51 74 81 65 96 24 36 17 61 29 88 39 68 43 30 63 61 59 88 51 55 93 95 89 88 32 31 37 21 13 53 68 99 21 9 57 12 26 21 20 54 27 87 96 77 57 61 41 77 79 95 46 60 63 54 21 24 88 56 42 22 10 87 63 99 67 66 100 24 69 70 42 25 18 18 88 72 24 74 72 74
100 97 6 79 58 38 52 92 57 21 6 25 99 63 18 72 93 15 60 97 51 74 81 65 96 24 36 17 61 29 88 39 68 43 30 63 61 59 88 51 55 93 95 89 88 32 31 37 21 13 53 68 99 21 9 57 12 26 21 20 54 27 87 96 77 57 61 41 77 79 95 46 60 63 54 21 24 88 56 42 22 10 87 63 99 67 66 100 24 69 70 42 25 18 18 88 72 24 74 72 74
100 97 6 79 58 38 52 92 57 21 6 25 99 63 18 72 93 15 60 97 51 74 81 65 96 24 36 17 61 29 88 39 68 43 30 63 61 59 88 51 55 93 95 89 88 32 31 37 21 13 53 68 99 21 9 57 12 26 21 20 54 27 87 96 77 57 61 41 77 79 95 46 60 63 54 21 24 88 56 42 22 10 87 63 99 67 66 100 24 69 70 42 25 18 18 88 72 24 74 72 74
100 97 6 79 58 38 52 92 57 21 6 25 99 63 18 72 93 15 60 97 51 74 81 65 96 24 36 17 61 29 88 39 68 43 30 63 61 59 88 51 55 93 95 89 88 32 31 37 21 13 53 68 99 21 9 57 12 26 21 20 54 27 87 96 77 57 61 41 77 79 95 46 60 63 54 21 24 88 56 42 22 10 87 63 99 67 66 100 24 69 70 42 25 18 18 88 72 24 74 72 74
100 97 6 79 58 38 52 92 57 21 6 25 99 63 18 72 93 15 60 97 51 74 81 65 96 24 36 17 61 29 88 39 68 43 30 63 61 59 88 51 55 93 95 89 88 32 31 37 21 13 53 68 99 21 9 57 12 26 21 20 54 27 87 96 77 57 61 41 77 79 95 46 60 63 54 21 24 88 56 42 22 10 87 63 99 67 66 100 24 69 70 42 25 18 18 88 72 24 74 72 74
100 97 6 79 58 38 52 92 57 21 6 25 99 63 18 72 93 15 60 97 51 74 81 65 96 24 36 17 61 29 88 39 68 43 30 63 61 59 88 51 55 93 95 89 88 32 31 37 21 13 53 68 99 21 9 57 12 26 21 20 54 27 87 96 77 57 61 41 77 79 95 46 60 63 54 21 24 88 56 42 22 10 87 63 99 67 66 100 24 69 70 42 25 18 18 88 72 24 74 72 74
100 97 6 79 58 38 52 92 57 21 6 25 99 63 18 72 93 15 60 97 51 74 81 65 96 24 36 17 61 29 88 39 68 43 30 63 61 59 88 51 55 93 95 89 88 32 31 37 21 13 53 68 99 21 9 57 12 26 21 20 54 27 87 96 77 57 61 41 77 79 95 46 60 63 54 21 24 88 56 42 22 10 87 63 99 67 66 100 24 69 70 42 25 18 18 88 72 24 74 72 74
100 97 6 79 58 38 52 92 57 21 6 25 99 63 18 72 93 15 60 97 51 74 81 65 96 24 36 17 61 29 88 39 68 43 30 63 61 59 88 51 55 93 95 89 88 32 31 37 21 13 53 68 99 21 9 57 12 26 21 20 54 27 87 96 77 57 61 41 77 79 95 46 60 63 54 21 24 88 56 42 22 10 87 63 99 67 66 100 24 69 70 42 25 18 18 88 72 24 74 72 74
100 97 6 79 58 38 52 92 57 21 6 25 99 63 18 72 93 15 60 97 51 74 81 65 96 24 36 17 61 29 88 39 68 43 30 63 61 59 88 51 55 93 95 89 88 32 31 37 21 13 53 68 99 21 9 57 12 26 21 20 54 27 87 96 77 57 61 41 77 79 95 46 60 63 54 21 24 88 56 42 22 10 87 63 99 67 66 100 24 69 70 42 25 18 18 88 72 24 74 72 74
100 97 6 79 58 38 52 92 57 21 6 25 99 63 18 72 93 15 60 97 51 74 81 65 96 24 36 17 61 29 88 39 68 43 30 63 61 59 88 51 55 93 95 89 88 32 31 37 21 13 53 68 99 21 9 57 12 26 21 20 54 27 87 96 77 57 61 41 77 79 95 46 60 63 54 21 24 88 56 42 22 10 87 63 99 67 66 100 24 69 70 42 25 18 18 88 72 24 74 72 74
100 97 6 79 58 38 52 92 57 21 6 25 99 63 18 72 93 15 60 97 51 74 81 65 96 24 36 17 61 29 88 39 68 43 30 63 61 59 88 51 55 93 95 89 88 32 31 37 21 13 53 68 99 21 9 57 12 26 21 20 54 27 87 96 77 57 61 41 77 79 95 46 60 63 54 21 24 88 56 42 22 10 87 63 99 67 66 100 24 69 70 42 25 18 18 88 72 24 74 72 74
100 97 6 79 58 38 52 92 57 21 6 25 99 63 18 72 93 15 60 97 51 74 81 65 96 24 36 17 61 29 88 39 68 43 30 63 61 59 88 51 55 93 95 89 88 32 31 37 21 13 53 68 99 21 9 57 12 26 21 20 54 27 87 96 77 57 61 41 77 79 95 46 60 63 54 21 24 88 56 42 22 10 87 63 99 67 66 100 24 69 70 42 25 18 18 88 72 24 74 72 74
100 97 6 79 58 38 52 92 57 21 6 25 99 63 18 72 93 15 60 97 51 74 81 65 96 24 36 17 61 29 88 39 68 43 30 63 61 59 88 51 55 93 95 89 88 32 31 37 21 13 53 68 99 21 9 57 12 26 21 20 54 27 87 96 77 57 61 41 77 79 95 46 60 63 54 21 24 88 56 42 22 10 87 63 99 67 66 100 24 69 70 42 25 18 18 88 72 24 74 72 74
100 97 6 79 58 38 52 92 57 21 6 25 99 63 18 72 93 15 60 97 51 74 81 65 96 24 36 17 61 29 88 39 68 43 30 63 61 59 88 51 55 93 95 89 88 32 31 37 21 13 53 68 99 21 9 57 12 26 21 20 54 27 87 96 77 57 61 41 77 79 95 46 60 63 54 21 24 88 56 42 22 10 87 63 99 67 66 100 24 69 70 42 25 18 18 88 72 24 74 72 74
100 97 6 79 58 38 52 92 57 21 6 25 99 63 18 72 93 15 60 97 51 74 81 65 96 24 36 17 61 29 88 39 68 43 30 63 61 59 88 51 55 93 95 89 88 32 31 37 21 13 53 68 99 21 9 57 12 26 21 20 54 27 87 96 77 57 61 41 77 79 95 46 60 63 54 21 24 88 56 42 22 10 87 63 99 67 66 100 24 69 70 42 25 18 18 88 72 24 74 72 74
100 97 6 79 58 38 52 92 57 21 6 25 99 63 18 72 93 15 60 97 51 74 81 65 96 24 36 17 61 29 88 39 68 43 30 63 61 59 88 51 55 93 95 89 88 32 31 37 21 13 53 68 99 21 9 57 12 26 21 20 54 27 87 96 77 57 61 41 77 79 95 46 60 63 54 21 24 88 56 42 22 10 87 63 99 67 66 100 24 69 70 42 25 18 18 88 72 24 74 72 74
100 97 6 79 58 38 52 92 57 21 6 25 99 63 18 72 93 15 60 97 51 74 81 65 96 24 36 17 61 29 88 39 68 43 30 63 61 59 88 51 55 93 95 89 88 32 31 37 21 13 53 68 99 21 9 57 12 26 21 20 54 27 87 96 77 57 61 41 77 79 95 46 60 63 54 21 24 88 56 42 22 10 87 63 99 67 66 100 24 69 70 42 25 18 18 88 72 24 74 72 74
100 97 6 79 58 38 52 92 57 21 6 25 99 63 18 72 93 15 60 97 51 74 81 65 96 24 36 17 61 29 88 39 68 43 30 63 61 59 88 51 55 93 95 89 88 32 31 37 21 13 53 68 99 21 9 57 12 26 21 20 54 27 87 96 77 57 61 41 77 79 95 46 60 63 54 21 24 88 56 42 22 10 87 63 99 67 66 100 24 69 70 42 25 18 18 88 72 24 74 72 74
100 97 6 79 58 38 52 92 57 21 6 25 99 63 18 72 93 15 60 97 51 74 81 65 96 24 36 17 61 29 88 39 68 43 30 63 61 59 88 51 55 93 95 89 88 32 31 37 21 13 53 68 99 21 9 57 12 26 21 20 54 27 87 96 77 57 61 41 77 79 95 46 60 63 54 21 24 88 56 42 22 10 87 63 99 67 66 100 24 69 70 42 25 18 18 88 72 24 74 72 74
100 97 6 79 58 38 52 92 57 21 6 25 99 63 18 72 93 15 60 97 51 74 81 65 96 24 36 17 61 29 88 39 68 43 30 63 61 59 88 51 55 93 95 89 88 32 31 37 21 13 53 68 99 21 9 57 12 26 21 20 54 27 87 96 77 57 61 41 77 79 95 46 60 63 54 21 24 88 56 42 22 10 87 63 99 67 66 100 24 69 70 42 25 18 18 88 72 24 74 72 74
100 97 6 79 58 38 52 92 57 21 6 25 99 63 18 72 93 15 60 97 51 74 81 65 96 24 36 17 61 29 88 39 68 43 30 63 61 59 88 51 55 93 95 89 88 32 31 37 21 13 53 68 99 21 9 57 12 26 21 20 54 27 87 96 77 57 61 41 77 79 95 46 60 63 54 21 24 88 56 42 22 10 87 63 99 67 66 100 24 69 70 42 25 18 18 88 72 24 74 72 74
100 97 6 79 58 38 52 92 57 21 6 25 99 63 18 72 93 15 60 97 51 74 81 65 96 24 36 17 61 29 88 39 68 43 30 63 61 59 88 51 55 93 95 89 88 32 31 37 21 13 53 68 99 21 9 57 12 26 21 20 54 27 87 96 77 57 61 41 77 79 95 46 60 63 54 21 24 88 56 42 22 10 87 63 99 67 66 100 24 69 70 42 25 18 18 88 72 24 74 72 74
100 97 6 79 58 38 52 92 57 21 6 25 99 63 18 72 93 15 60 97 51 74 81 65 96 24 36 17 61 29 88 39 68 43 30 63 61 59 88 51 55 93 95 89 88 32 31 37 21 13 53 68 99 21 9 57 12 26 21 20 54 27 87 96 77 57 61 41 77 79 95 46 60 63 54 21 24 88 56 42 22 10 87 63 99 67 66 100 24 69 70 42 25 18 18 88 72 24 74 72 74
100 97 6 79 58 38 52 92 57 21 6 25 99 63 18 72 93 15 60 97 51 74 81 65 96 24 36 17 61 29 88 39 68 43 30 63 61 59 88 51 55 93 95 89 88 32 31 37 21 13 53 68 99 21 9 57 12 26 21 20 54 27 87 96 77 57 61 41 77 79 95 46 60 63 54 21 24 88 56 42 22 10 87 63 99 67 66 100 24 69 70 42 25 18 18 88 72 24 74 72 74
100 97 6 79 58 38 52 92 57 21 6 25 99 63 18 72 93 15 60 97 51 74 81 65 96 24 36 17 61 29 88 39 68 43 30 63 61 59 88 51 55 93 95 89 88 32 31 37 21 13 53 68 99 21 9 57 12 26 21 20 54 27 87 96 77 57 61 41 77 79 95 46 60 63 54 21 24 88 56 42 22 10 87 63 99 67 66 100 24 69 70 42 25 18 18 88 72 24 74 72 74
100 97 6 79 58 38 52 92 57 21 6 25 99 63 18 72 93 15 60 97 51 74 81 65 96 24 36 17 61 29 88 39 68 43 30 63 61 59 88 51 55 93 95 89 88 32 31 37 21 13 53 68 99 21 9 57 12 26 21 20 54 27 87 96 77 57 61 41 77 79 95 46 60 63 54 21 24 88 56 42 22 10 87 63 99 67 66 100 24 69 70 42 25 18 18 88 72 24 74 72 74
100 97 6 79 58 38 52 92 57 21 6 25 99 63 18 72 93 15 60 97 51 74 81 65 96 24 36 17 61 29 88 39 68 43 30 63 61 59 88 51 55 93 95 89 88 32 31 37 21 13 53 68 99 21 9 57 12 26 21 20 54 27 87 96 77 57 61 41 77 79 95 46 60 63 54 21 24 88 56 42 22 10 87 63 99 67 66 100 24 69 70 42 25 18 18 88 72 24 74 72 74
100 97 6 79 58 38 52 92 57 21 6 25 99 63 18 72 93 15 60 97 51 74 81 65 96 24 36 17 61 29 88 39 68 43 30 63 61 59 88 51 55 93 95 89 88 32 31 37 21 13 53 68 99 21 9 57 12 26 21 20 54 27 87 96 77 57 61 41 77 79 95 46 60 63 54 21 24 88 56 42 22 10 87 63 99 67 66 100 24 69 70 42 25 18 18 88 72 24 74 72 74
100 97 6 79 58 38 52 92 57 21 6 25 99 63 18 72 93 15 60 97 51 74 81 65 96 24 36 17 61 29 88 39 68 43 30 63 61 59 88 51 55 93 95 89 88 32 31 37 21 13 53 68 99 21 9 57 12 26 21 20 54 27 87 96 77 57 61 41 77 79 95 46 60 63 54 21 24 88 56 42 22 10 87 63 99 67 66 100 24 69 70 42 25 18 18 88 72 24 74 72 74
100 97 6 79 58 38 52 92 57 21 6 25 99 63 18 72 93 15 60 97 51 74 81 65 96 24 36 17 61 29 88 39 68 43 30 63 61 59 88 51 55 93 95 89 88 32 31 37 21 13 53 68 99 21 9 57 12 26 21 20 54 27 87 96 77 57 61 41 77 79 95 46 60 63 54 21 24 88 56 42 22 10 87 63 99 67 66 100 24 69 70 42 25 18 18 88 72 24 74 72 74
100 97 6 79 58 38 52 92 57 21 6 25 99 63 18 72 93 15 60 97 51 74 81 65 96 24 36 17 61 29 88 39 68 43 30 63 61 59 88 51 55 93 95 89 88 32 31 37 21 13 53 68 99 21 9 57 12 26 21 20 54 27 87 96 77 57 61 41 77 79 95 46 60 63 54 21 24 88 56 42 22 10 87 63 99 67 66 100 24 69 70 42 25 18 18 88 72 24 74 72 74
100 97 6 79 58 38 52 92 57 21 6 25 99 63 18 72 93 15 60 97 51 74 81 65 96 24 36 17 61 29 88 39 68 43 30 63 61 59 88 51 55 93 95 89 88 32 31 37 21 13 53 68 99 21 9 57 12 26 21 20 54 27 87 96 77 57 61 41 77 79 95 46 60 63 54 21 24 88 56 42 22 10 87 63 99 67 66 100 24 69 70 42 25 18 18 88 72 24 74 72 74
100 97 6 79 58 38 52 92 57 21 6 25 99 63 18 72 93 15 60 97 51 74 81 65 96 24 36 17 61 29 88 39 68 43 30 63 61 59 88 51 55 93 95 89 88 32 31 37 21 13 53 68 99 21 9 57 12 26 21 20 54 27 87 96 77 57 61 41 77 79 95 46 60 63 54 21 24 88 56 42 22 10 87 63 99 67 66 100 24 69 70 42 25 18 18 88 72 24 74 72 74
100 97 6 79 58 38 52 92 57 21 6 25 99 63 18 72 93 15 60 97 51 74 81 65 96 24 36 17 61 29 88 39 68 43 30 63 61 59 88 51 55 93 95 89 88 32 31 37 21 13 53 68 99 21 9 57 12 26 21 20 54 27 87 96 77 57 61 41 77 79 95 46 60 63 54 21 24 88 56 42 22 10 87 63 99 67 66 100 24 69 70 42 25 18 18 88 72 24 74 72 74
100 97 6 79 58 38 52 92 57 21 6 25 99 63 18 72 93 15 60 97 51 74 81 65 96 24 36 17 61 29 88 39 68 43 30 63 61 59 88 51 55 93 95 89 88 32 31 37 21 13 53 68 99 21 9 57 12 26 21 20 54 27 87 96 77 57 61 41 77 79 95 46 60 63 54 21 24 88 56 42 22 10 87 63 99 67 66 100 24 69 70 42 25 18 18 88 72 24 74 72 74
