Case #1: 0.4500000 0.2000000 0.1000000 0.2000000 0.4500000
Case #2: 1.0000000
Case #3: 0.5000000 0.5000000
Case #4: 1.0000000 0.0000000
Case #5: 1.0000000 0.0000000
Case #6: 0.5000000 1.0000000
Case #7: 0.5000000 0.5000000
Case #8: 1.0000000 0.0000000
Case #9: 0.0000000 1.0000000
Case #10: 1.0000000 0.0000000
Case #11: 0.1000000 0.2000000 0.3000000 0.4000000 0.5000000 0.5000000 0.4000000 0.3000000 0.2000000 0.1000000
Case #12: 0.0969697 0.1969697 0.2969697 0.3969697 0.4969697 0.0060606 0.4969697 0.3969697 0.2969697 0.1969697 0.0969697
Case #13: 0.0000000 0.1000000 0.2000000 0.3000000 0.4000000 0.2000000 0.4000000 0.3000000 0.2000000 0.1000000 0.0000000
Case #14: 0.6000000 0.4000000 0.2000000 0.0000000 0.0000000 0.0000000 0.0000000 0.0000000 0.1000000 0.2000000 0.2000000 0.1000000 0.0000000 0.0000000 0.0000000
Case #15: 0.5000000 0.1875000 0.1875000 0.1250000 0.0625000 0.0625000 0.5000000 0.1875000 0.1875000 0.1250000 0.0625000 0.0625000
Case #16: 0.5000000 0.2400000 0.0933333 0.1933333 0.1600000 0.0800000 0.0800000 0.0933333 0.0600000 0.0266667 0.0400000 0.0333333 0.5000000 0.2400000 0.0933333 0.1933333 0.1600000 0.0800000 0.0800000 0.0933333 0.0600000 0.0266667 0.0400000 0.0333333
Case #17: 1.0000000 0.3750000 0.1250000 0.0000000 0.1666667 0.0833333 0.0000000 0.0833333 0.0416667 0.0000000 0.0416667 0.0833333 0.0000000 0.0000000 0.5416667 0.2916667 0.1250000 0.1666667 0.1666667 0.1250000 0.0416667 0.0416667
Case #18: 0.6000000 0.2500000 0.2000000 0.1500000 0.1000000 0.2500000 0.1000000 0.0750000 0.0500000 0.1000000 0.0375000 0.0250000 0.0375000 0.0125000 0.0125000
Case #19: 0.2000000 0.0000000 0.0000000 0.0000000 0.0000000 0.2000000 0.0000000 0.0000000 0.0000000 0.2000000 0.0000000 0.0000000 0.2000000 0.0000000 0.2000000
Case #20: 0.0000000 0.2500000 0.0000000 0.0000000 0.0000000 0.0000000 0.2500000 0.0000000 0.0000000 0.0000000 0.2500000 0.0000000 0.0000000 0.2500000 0.0000000
Case #21: 0.0714286 0.0952381 0.0714286 0.1428571 0.0476190 0.0000000 0.0000000 0.2857143 0.0714286 0.1190476 0.5714286 0.0714286 0.1190476
Case #22: 0.3072871 0.0755416 0.0208333 0.0466954 0.0069444 0.0755416 0.0069444 0.3072871 0.2013889 0.0755416 0.0069444 0.0251805 0.0755416 0.0755416 0.0251805 0.0000000 0.0755416 0.0755416 0.0755416 0.0069444 0.4046935 0.3072871
Case #23: 0.2500000 0.2500000 0.2500000 0.2500000
Case #24: 0.0000000 0.0000000 0.0000000 0.1111111 0.0000000 0.3333333 0.0000000 0.0000000 0.0000000 0.1111111 0.3333333 0.0000000 0.3333333 0.0000000 0.0000000 0.0000000 0.0000000 0.0000000 0.1111111 0.0000000 0.0000000
Case #25: 0.0000000 0.1666667 0.1666667 0.0000000 0.0000000 0.0000000 0.5000000 0.0000000 0.0000000 0.0000000 0.0000000 0.0000000 0.0000000 0.0000000 0.0000000 0.1666667 0.1666667 0.1666667 0.0000000 0.1666667
Case #26: 0.0833333 0.5000000 0.6666667 0.0000000 0.0833333 0.0000000 0.0000000 0.0000000 0.0000000 0.0000000 0.0000000 0.0000000 0.0000000 0.0000000 0.0000000 0.0000000 0.0833333 0.5000000 0.0833333 0.0000000
Case #27: 0.1000000 0.0000000 0.1000000 0.1000000 0.0000000 0.5000000 0.1000000 0.1000000
Case #28: 0.0000000 0.5000000 0.0000000 0.5000000
Case #29: 0.0000000 0.2500000 0.5000000 0.5000000 0.7500000 0.5000000 0.0000000
Case #30: 0.0000000 0.0000000 0.0000000 0.2500000 0.2083333 0.2500000 0.0000000 0.0833333 0.0000000 0.0000000 0.0000000 0.0000000 0.0000000 0.2083333 0.1666667
Case #31: 0.2500000 0.2500000 0.2500000 0.2500000
Case #32: 0.0000000 0.0000000 0.2500000 0.0208333 0.5000000 0.0000000 0.2500000 0.0208333 0.0000000 0.0000000 0.0208333 0.0000000 0.0000000 0.0208333 0.0000000 0.0208333 0.0208333 0.0208333 0.0000000 0.0000000 0.0208333 0.0208333 0.0208333 0.0208333 0.0208333
Case #33: 0.0833333 0.0833333 0.0833333 0.0476190 0.0476190 0.0000000 0.0000000 0.0000000 0.0000000 0.0000000 0.3333333 0.0476190 0.0476190 0.0833333 0.0000000 0.0476190 0.0000000 0.0476190 0.0476190
Case #34: 0.5000000 0.0000000 0.0000000 0.5000000 0.0000000 0.0000000 0.0000000
Case #35: 0.2000000 0.0000000 0.0000000 0.0000000 0.6000000 0.0000000 0.0000000 0.0000000 0.0000000 0.0000000 0.0000000 0.2000000 0.0000000 0.0000000 0.0000000 0.2000000 0.0000000 0.0000000 0.0000000 0.8000000 0.0000000
Case #36: 0.0000000 0.3333333 0.0000000 0.0000000 0.0000000 0.0000000 0.0000000 0.3333333 0.1666667 0.0000000 0.1666667 0.0000000 0.0000000
Case #37: 0.0000000 0.2857143 0.5000000 0.0000000 0.0000000 0.5000000 0.0000000 0.0000000 0.1428571 0.4285714 0.1428571 0.0000000 0.0000000 0.4285714 0.0000000 0.1428571 0.0000000 0.0000000
Case #38: 0.0500000 0.1250000 0.1250000 0.0500000 0.0500000 0.0500000 0.0000000 0.0500000 0.5500000 0.2500000
Case #39: 0.0000000 0.0000000 0.0000000 0.2500000 0.0000000 0.0000000 0.0000000 0.0000000 0.2500000 0.0000000 0.7500000 0.0000000 0.0000000 0.0000000 0.0000000 0.0000000 0.0000000 0.0000000 0.0000000 0.0000000
Case #40: 0.1666667 0.4166667 0.1666667 0.0833333 0.0833333 0.4166667
Case #41: 0.3333333 0.4166667 0.4166667 0.1666667
Case #42: 0.0357143 0.1250000 0.1250000 0.1250000 0.0357143 0.3750000 0.0000000 0.0000000 0.0357143 0.0357143 0.1250000 0.0357143 0.0357143 0.0357143
Case #43: 0.2500000 0.2500000 0.2500000 0.0000000 0.2500000
Case #44: 0.1111111 0.3333333 0.1111111 0.1111111 0.0000000 0.0000000 0.6666667
Case #45: 0.0000000 0.0000000 0.0000000 0.0000000 0.0000000 0.0000000 0.0000000 1.0000000 0.0000000 0.0000000 0.0000000 0.0000000 0.0000000 0.0000000 0.0000000 0.0000000 0.0000000 0.0000000 0.0000000 0.0000000 0.0000000 0.0000000 0.0000000 0.0000000
Case #46: 0.0000000 0.2500000 0.0000000 0.0000000 0.0000000 0.0000000 0.0000000 0.0000000 0.0000000 0.0000000 0.0000000 0.0000000 0.0000000 0.2500000 0.2500000 0.2500000 0.0000000
Case #47: 0.0000000 0.3269231 0.0769231 0.0384615 0.0384615 0.0000000 0.0384615 0.0384615 0.0384615 0.0769231 0.0384615 0.0384615 0.3269231 0.0000000 0.0384615 0.0000000 0.0384615
Case #48: 0.2777778 0.1666667 0.0555556 0.1666667 0.1666667 0.0555556 0.0000000 0.0555556 0.0000000 0.0000000 0.3333333
Case #49: 0.0000000 0.1111111 0.0000000 0.0000000 0.1666667 0.0000000 0.1666667 0.0000000 0.1111111 0.1111111 0.4444444
Case #50: 0.0000000 0.0000000 0.0000000 0.0000000 0.5000000 0.0000000 0.0000000 0.0000000 0.0000000 0.0000000 0.0000000 0.0000000 0.0000000 0.2500000 0.0000000 0.0000000 0.2500000 0.0000000 0.0000000 0.0000000 0.0000000
Case #51: 0.0000000 0.3333333 0.4166667 0.0000000 0.0000000 0.1666667 0.4166667
Case #52: 0.2000000 0.0333333 0.0333333 0.6000000 0.0333333 0.0000000 0.2000000 0.0000000 0.0333333 0.0333333 0.0333333 0.0333333 0.0333333 0.0333333 0.0333333 0.0333333 0.2000000 0.0333333 0.0000000
Case #53: 0.1666667 0.0000000 0.3333333 0.1666667 0.0000000 0.5000000
Case #54: 0.0256410 0.7628205 0.0256410 0.0256410 0.0673077 0.0673077 0.0256410 0.0673077 0.0256410 0.0673077 0.0673077 0.0673077 0.0673077 0.2051282 0.0673077
Case #55: 0.0000000 0.1666667 0.0000000 0.0000000 0.1666667 0.3333333 0.1666667 0.0000000 0.0000000 0.1666667 0.1666667 0.6666667 0.0000000
Case #56: 0.0000000 0.0000000 0.0000000 0.0000000 0.0000000 0.0000000 0.5000000 0.0000000 0.5000000 0.0000000 0.0000000 0.0000000
Case #57: 0.0000000 0.0000000 0.0000000 0.0000000 0.0000000 0.0000000 0.0000000 0.0000000 0.0000000 0.0000000 0.0000000 0.0000000 0.0000000 0.0000000 0.0000000 0.0000000 1.0000000 0.0000000 0.0000000 0.0000000 0.0000000 0.0000000 0.0000000 0.0000000
Case #58: 0.5000000 0.5000000 0.0000000 0.0000000
Case #59: 0.6666667 0.0000000 0.0000000 0.0000000 0.0000000 0.0000000 0.1666667 0.0000000 0.0000000 0.3333333 0.0000000 0.1666667 0.0000000 0.0000000
Case #60: 0.0000000 0.2500000 0.2500000 1.0000000 0.0000000
Case #61: 0.2500000 0.0833333 0.0357143 0.0833333 0.0714286 0.0000000 0.0357143 0.0833333 0.0714286 0.0357143 0.3214286 0.3214286
Case #62: 0.0000000 0.0666667 0.0666667 0.0666667 0.0666667 0.3333333 0.1666667 0.0000000 0.1666667 0.3333333 0.0666667
Case #63: 0.0416667 0.0416667 0.0416667 0.0416667 0.1000000 0.1000000 0.0416667 0.1000000 0.0416667 0.0416667 0.1000000 0.0416667 0.0416667 0.0416667 0.0416667 0.1000000 0.0416667
Case #64: 0.0000000 0.0000000 0.0000000 0.0000000 0.0000000 0.1250000 0.0000000 0.0000000 0.1250000 0.1250000 0.0000000 0.0000000 0.0000000 0.0000000 0.1250000 0.1250000 0.5000000 0.6250000 0.0000000 0.0000000 0.0000000 0.1250000
Case #65: 0.0664488 0.0010893 0.0654666 0.0000000 0.0664488 0.0664488 0.0000000 0.1646666 0.0654666 0.0654666 0.1646666 0.0654666 0.0664488 0.0654666 0.1646666 0.0664488 0.0654666 0.0654666 0.1646666 0.0654666 0.0654666 0.0109111 0.1646666 0.1646666 0.0654666
Case #66: 0.2500000 0.2500000 0.2500000 0.2500000
Case #67: 0.0357143 0.2500000 0.0357143 0.0357143 0.0000000 0.0000000 0.1250000 0.1250000 0.1250000 0.2500000 0.0357143 0.0357143 0.0357143 0.0357143 0.1250000
Case #68: 0.0000000 0.0000000 0.1428571 0.1428571 0.0476190 0.2857143 0.1428571 0.4285714 0.0000000 0.1428571 0.0000000 0.0476190 0.0714286 0.0714286 0.0476190
Case #69: 0.0000000 0.0000000 0.0000000 0.2500000 0.5000000 0.2500000
Case #70: 0.0333333 0.2500000 0.0000000 0.4083333 0.0166667 0.4083333 0.0333333 0.0333333 0.0333333 0.0333333 0.3333333 0.0333333 0.0333333 0.0000000 0.1666667
Case #71: 0.0714286 0.0238095 0.0714286 0.2063492 0.0714286 0.0714286 0.0238095 0.2063492 0.2063492 0.5873016
Case #72: 0.0666667 0.1250000 0.0000000 0.6500000 0.0000000 0.3750000 0.0666667 0.0250000 0.0000000 0.1500000 0.1250000 0.0000000 0.0000000 0.0000000 0.0000000 0.0666667 0.0750000 0.0000000 0.0250000 0.1500000 0.0000000
Case #73: 0.2000000 0.0000000 0.2000000 0.0285714 0.2000000 0.0000000 0.0000000 0.0000000 0.0000000 0.0285714 0.0285714 0.0000000 0.0000000 0.0285714 0.6000000 0.0000000 0.0285714 0.0285714 0.0285714 0.0000000 0.0000000
Case #74: 0.0000000 0.0000000 1.0000000 0.0000000 0.0000000 0.0000000 0.0000000
Case #75: 0.0000000 0.0000000 0.0000000 0.0000000 0.0000000 0.0000000 0.0000000 0.0000000 0.0000000 0.0000000 0.0000000 0.0000000 0.0000000 0.3333333 0.0000000 0.0000000 0.0000000 0.3333333 0.0000000 0.0000000 0.0000000 0.6666667 0.0000000
Case #76: 0.9583333 0.0000000 0.0000000 0.0000000 0.0416667 0.1666667 0.0000000 0.1527778 0.1250000 0.0000000 0.0000000 0.1666667 0.0000000 0.1527778 0.1527778 0.0000000 0.1666667 0.0000000 0.0000000 0.0000000
Case #77: 0.0000000 0.0000000 0.2000000 0.1000000 0.4000000 0.0000000 0.0000000 0.0000000 0.4000000 0.0000000 0.0000000 0.1000000 0.0000000 0.2000000 0.0000000
Case #78: 0.1547619 0.2142857 0.0357143 0.1547619 0.0357143 0.1547619 0.1547619 0.2142857 0.1547619 0.0000000 0.1547619
Case #79: 0.8750000 0.1250000 0.1250000 0.1250000 0.1250000
Case #80: 0.0000000 0.0000000 0.0000000 0.0000000 0.0000000 0.0000000 0.0000000 0.0000000 0.0000000 0.0000000 0.0000000 0.0000000 0.0000000 0.0000000 0.0000000 0.0000000 0.0000000 0.0000000 0.0000000 1.0000000 0.0000000 0.0000000 0.0000000
Case #81: 0.2500000 0.5000000 0.2500000 0.2500000 0.0000000 0.0000000 0.0000000
Case #82: 0.0277778 0.1851852 0.0277778 0.0000000 0.1851852 0.2222222 0.0277778 0.3333333 0.0000000 0.0277778 0.0000000 0.0000000 0.0000000 0.1851852 0.3333333 0.1111111 0.1111111 0.0555556 0.2222222 0.0555556 0.2222222 0.0000000 0.0000000
Case #83: 0.1428571 0.0416667 0.0416667 0.1428571 0.1428571 0.0416667 0.1428571 0.0416667 0.0416667 0.0000000 0.0416667 0.1428571 0.0416667 0.0416667 0.0416667 0.1428571 0.0416667 0.0416667 0.1428571 0.0416667
Case #84: 0.0666667 0.2000000 0.1777778 0.4000000 0.1777778 0.0666667 0.1777778
Case #85: 0.0086957 0.0423913 0.0695652 0.0423913 0.0423913 0.0423913 0.0423913 0.0695652 0.0666667 0.0423913 0.0086957 0.0666667 0.0173913 0.0086957 0.0666667 0.4086957 0.0086957 0.0000000 0.0423913 0.1086957 0.0423913 0.0086957 0.1086957 0.0000000
Case #86: 0.1666667 0.0000000 0.3333333 0.1666667 0.3333333
Case #87: 0.0000000 0.0000000 0.0277778 0.0000000 0.0833333 0.2777778 0.0000000 0.0833333 0.0277778 0.0000000 0.0277778 0.0000000 0.2777778 0.0000000 0.2777778 0.0833333 0.0277778 0.0277778 0.0833333 0.0277778
Case #88: 0.0416667 0.0000000 0.2500000 0.0000000 0.0000000 0.1250000 0.0000000 0.1666667 0.5000000 0.0416667 0.0000000 0.0000000 0.6250000 0.0000000 0.0416667 0.1250000 0.3750000
Case #89: 0.0666667 0.0000000 0.0833333 0.0000000 0.0833333 0.0666667 0.0833333 0.0666667 0.0000000 0.0833333 0.0666667 0.0666667 0.0000000 0.3333333
Case #90: 0.5000000 0.0000000 0.0000000 0.0000000 0.0000000 0.0000000 0.5000000 0.0000000 0.0000000 0.0000000 0.0000000 0.0000000
Case #91: 0.0000000 0.3750000 0.1250000 0.0625000 0.3750000 0.0625000 0.0000000 0.2500000 0.0000000 0.0000000 0.0625000 0.1250000 0.1250000 0.0625000 0.0625000 0.0000000 0.0625000 0.0000000 0.0000000 0.0000000
Case #92: 0.0714286 0.0714286 0.0714286 0.1250000 0.0714286 0.0714286 0.0714286 0.1250000 0.1250000 0.0714286 0.1250000
Case #93: 0.5000000 0.0000000 0.5000000
Case #94: 0.0000000 0.0833333 0.1250000 0.0000000 0.5000000 0.0833333 0.1250000 0.2500000 0.1250000 0.0000000 0.0000000 0.0000000 0.1250000 0.1250000 0.0000000 0.0000000 0.1250000 0.1250000 0.0000000 0.0833333 0.1250000
Case #95: 0.0666667 0.0000000 0.0666667 0.6666667 0.0000000 0.0666667 0.0666667 0.0666667 0.0000000 0.3333333 0.0000000
Case #96: 0.0000000 0.0000000 0.0000000 0.0000000 0.0000000 0.0000000 0.0000000 0.0000000 0.0000000 0.0000000 1.0000000 0.0000000 0.0000000 0.0000000 0.0000000 0.0000000 0.0000000 0.0000000 0.0000000
Case #97: 0.0000000 0.0000000 0.0000000 0.1875000 0.0625000 0.1250000 0.0000000 0.0000000 0.0625000 0.6250000 0.0000000 0.1250000 0.0000000 0.0000000 0.1875000 0.0000000 0.1250000 0.0625000 0.0000000 0.0000000 0.0000000 0.0625000 0.2500000
Case #98: 0.0000000 0.0000000 0.3333333 0.6666667 0.0000000 0.3333333
Case #99: 0.0000000 0.0000000 0.0000000 0.1428571 0.4285714 0.1428571 0.2857143 0.1428571 0.0000000 0.0000000 0.5714286 0.1428571 0.0000000 0.0000000 0.0000000 0.0000000 0.0000000 0.0000000
Case #100: 0.0000000 0.2500000 0.2500000 0.1250000 0.0000000 0.0000000 0.0000000 0.0000000 0.1250000 0.1250000 0.0000000 0.1250000
