1000
71 756
19 295
12 565
30 892
150 607
27 244
219 882
59 917
150 606
77 477
9 19
137 275
317 635
321 643
115 231
1 1000
315 631
315 635
167 674
167 673
167 675
167 881
130 795
130 794
130 796
130 857
104 639
104 638
104 640
104 724
176 710
176 709
176 711
176 843
210 421
210 806
104 639
104 638
104 640
104 814
240 481
240 878
59 242
59 241
59 243
59 338
36 498
36 497
36 499
36 558
265 531
265 582
218 437
218 835
256 513
256 996
50 666
50 665
50 667
50 759
99 609
99 608
99 610
99 715
175 706
175 705
175 707
175 864
195 391
195 400
375 751
375 757
264 529
264 550
244 982
244 981
244 983
244 988
54 847
54 846
54 848
54 963
9 954
90 555
90 554
90 556
90 580
39 79
39 160
218 437
218 643
82 334
82 333
82 335
82 367
262 525
262 976
130 526
130 525
130 527
130 576
77 477
77 476
77 478
77 504
13 175
13 174
13 176
13 188
1 820
1 819
1 821
1 869
272 545
272 788
257 515
257 936
400 801
400 971
76 153
76 304
113 458
113 457
113 459
113 690
344 689
344 875
116 711
116 710
116 712
116 823
190 766
190 765
190 767
190 973
319 639
319 825
145 291
145 320
203 818
203 817
203 819
203 947
297 595
297 963
113 228
31 616
31 615
31 617
31 648
337 675
337 864
234 469
234 853
60 246
60 245
60 247
60 364
197 794
197 793
197 795
197 953
397 795
397 809
123 753
123 752
123 754
123 798
103 852
103 851
103 853
103 897
89 740
89 739
89 741
89 748
76 636
76 635
76 637
76 802
78 157
78 219
225 451
225 798
298 597
298 655
323 647
323 681
132 807
132 806
132 808
132 1000
79 159
79 203
309 619
309 732
339 679
339 877
223 447
223 879
86 716
86 715
86 717
86 878
89 740
89 739
89 741
89 883
81 330
81 329
81 331
81 383
13 450
13 449
13 451
13 507
184 742
184 741
184 743
184 983
267 535
267 866
261 523
261 987
305 611
305 836
94 579
94 578
94 580
94 705
1 903
1 902
1 904
1 939
359 719
359 997
410 821
410 824
322 645
322 869
173 698
173 697
173 699
173 783
130 526
130 525
130 527
130 766
159 642
159 641
159 643
159 937
67 564
67 563
67 565
67 649
106 651
106 650
106 652
106 685
54 847
54 846
54 848
54 906
340 681
340 913
60 508
60 507
60 509
60 522
66 556
66 555
66 557
66 604
53 833
53 832
53 834
53 932
191 383
191 721
197 794
197 793
197 795
197 804
174 702
174 701
174 703
174 850
305 611
305 764
292 585
292 838
106 651
106 650
106 652
106 772
48 888
48 887
48 889
48 918
32 830
32 829
32 831
32 886
158 638
158 637
158 639
158 804
70 588
70 587
70 589
70 692
327 655
327 958
86 905
86 904
86 906
86 952
332 665
332 737
252 505
252 741
37 415
37 414
37 416
37 427
235 471
235 941
155 944
155 946
155 987
111 680
111 682
111 875
88 542
88 544
88 653
41 775
41 777
41 839
27 176
27 178
27 213
19 648
19 650
19 692
82 262
301 707
25 227
25 229
25 259
264 863
113 408
432 893
63 674
63 676
63 742
321 649
45 605
45 607
45 610
359 979
161 649
161 651
161 746
117 716
117 718
117 746
116 303
183 633
157 633
157 635
157 690
195 785
195 787
195 824
103 417
103 419
103 600
25 689
25 691
25 764
165 665
165 667
165 984
21 140
21 142
21 192
3 816
3 818
3 885
48 411
48 413
48 517
353 995
255 976
23 827
23 829
23 836
31 275
31 277
31 303
374 762
293 982
101 275
480 984
73 452
73 454
73 570
154 498
193 424
77 476
77 478
77 643
90 365
90 367
90 458
63 674
63 676
63 761
59 916
59 918
59 990
66 269
66 271
66 346
197 793
197 795
197 964
322 775
359 901
8 601
8 603
8 659
167 673
167 675
167 814
36 230
36 232
36 260
76 635
76 637
76 688
142 866
142 868
142 982
264 750
29 674
29 676
29 722
119 432
289 969
64 539
64 541
64 606
172 693
172 695
172 965
25 602
25 604
25 648
107 319
134 338
268 666
260 564
305 692
476 956
240 712
35 889
35 891
35 915
195 504
481 978
73 774
73 776
73 815
137 553
137 555
137 672
138 557
138 559
138 615
171 689
171 691
171 728
114 461
114 463
114 489
362 801
90 554
90 556
90 578
241 863
352 875
278 753
92 231
131 529
131 531
131 695
358 858
45 540
127 698
192 606
271 743
115 456
204 459
16 379
23 962
19 490
261 963
306 820
39 835
112 668
170 686
156 707
73 743
339 852
204 987
5 616
164 344
286 752
2 420
131 957
360 768
299 775
244 514
109 931
14 286
152 533
287 1000
199 696
353 759
246 558
193 610
62 217
84 997
215 501
10 199
228 612
162 445
204 534
83 578
11 300
113 866
128 795
222 729
136 449
109 643
161 708
324 964
9 577
92 817
76 264
9 987
76 292
15 208
251 634
352 871
342 738
168 629
129 312
140 748
236 829
186 712
25 122
104 519
172 853
32 317
220 593
71 151
154 387
96 575
198 952
118 922
313 983
21 739
130 653
81 497
36 137
428 973
48 755
24 238
75 390
107 469
206 814
356 859
99 282
282 598
178 644
102 372
232 649
190 925
354 935
270 784
49 294
202 896
224 806
66 678
215 612
214 863
375 985
50 468
198 719
66 890
78 520
110 804
55 753
129 767
48 763
148 462
93 653
154 871
344 818
152 399
178 396
56 757
318 888
97 930
203 842
220 596
183 794
219 729
18 874
15 106
173 379
10 926
80 937
295 687
9 316
66 327
97 216
292 994
436 941
204 538
169 963
81 307
240 493
75 212
259 677
170 861
132 297
112 595
399 973
65 720
17 826
183 764
17 996
189 780
118 877
227 460
141 668
92 563
406 914
173 895
136 939
369 958
81 632
2 226
41 763
195 602
259 585
366 999
45 738
231 824
225 684
159 814
43 829
131 895
339 798
267 571
206 687
89 839
237 542
94 657
235 559
289 993
32 637
162 821
1 359
195 398
78 698
173 373
110 476
65 521
344 767
208 628
321 729
124 469
182 532
58 303
34 628
151 384
248 955
24 567
218 703
119 610
121 647
444 947
318 781
370 896
327 947
61 360
172 925
270 955
190 672
181 364
353 991
333 975
202 938
242 982
19 576
379 778
198 736
248 599
172 867
181 583
67 952
186 657
45 92
12 762
306 917
53 998
268 953
183 987
27 305
35 800
420 850
21 827
295 619
360 953
334 995
150 314
37 955
56 942
49 493
93 202
19 680
156 831
43 487
105 660
240 952
179 599
95 731
34 443
395 876
92 254
111 547
181 522
316 905
98 471
178 789
29 420
8 183
34 252
174 866
70 593
126 809
342 837
90 920
172 442
14 266
252 599
218 492
89 575
138 717
101 635
65 671
172 922
1 60
40 784
296 867
88 906
48 447
218 587
298 932
253 591
13 752
82 735
209 589
135 316
17 468
334 697
310 962
118 519
53 732
194 640
189 860
136 481
348 768
153 835
145 465
234 863
270 621
97 469
30 845
306 881
262 795
5 767
45 841
73 353
300 970
186 676
171 898
69 679
230 876
162 604
91 321
180 414
476 956
228 843
84 663
332 988
122 767
385 968
7 51
71 629
27 304
349 925
19 869
111 979
478 959
100 468
286 621
90 809
141 998
7 469
177 895
127 641
131 334
27 952
67 891
30 761
242 629
8 736
12 804
44 332
136 567
84 251
126 684
109 342
197 829
393 895
287 917
148 963
66 326
97 535
15 653
402 985
39 736
224 523
25 342
364 959
242 534
266 612
86 558
190 910
86 852
88 527
14 812
330 982
19 411
110 473
241 799
158 550
221 793
366 972
77 316
229 729
306 719
166 629
98 351
2 192
96 294
205 479
202 439
399 958
365 841
111 359
298 929
252 764
31 299
324 997
77 201
348 906
62 345
147 789
129 601
481 963
10 459
5 344
53 657
26 774
204 528
196 448
343 889
414 834
366 915
39 405
183 705
66 503
13 262
416 857
172 774
339 932
274 583
401 853
165 423
129 673
29 645
178 691
107 344
5 855
83 734
208 815
76 232
193 909
312 645
129 546
8 114
63 784
83 606
1 108
217 713
147 730
318 820
234 846
236 746
57 612
98 240
265 569
150 372
138 802
96 269
131 651
85 721
232 624
39 103
94 726
5 416
196 399
266 645
12 937
51 484
118 487
103 715
456 943
16 74
381 920
17 356
284 943
229 546
138 338
215 868
89 340
283 991
2 388
164 873
4 830
306 639
149 727
83 233
376 854
34 658
21 254
28 263
209 534
127 534
366 987
49 431
219 715
171 563
154 907
206 995
54 679
18 988
182 718
411 966
252 949
131 531
79 651
90 796
301 935
221 641
77 182
83 479
28 356
11 728
220 925
59 774
263 650
181 553
187 978
83 807
245 975
232 499
111 558
134 380
184 464
271 688
233 682
