50
8 1
-92295 108262
-46305 141206
-41073 77338
42431 107695
66088 219247
70327 216602
70710 35760
99912 77131
162 14
-65922 49
-65912 99
-65899 110
-65884 60
-65873 57
-65864 146
-65863 46
-65833 132
-65804 141
-65799 60
-65779 132
-65755 123
-65748 110
-65729 98
-65710 48
-65691 137
-65680 50
-65651 41
-65630 131
-65627 81
-65601 57
-65596 49
-65574 140
-65553 41
-65530 141
-65522 99
-65516 72
-65491 97
-65463 90
-65445 43
-65436 91
-65423 59
-65405 135
-65401 95
-65394 60
-65372 117
-65371 129
-65350 102
-65328 61
-65324 99
-65296 79
-65271 36
-65252 98
-65224 43
-65208 66
-65193 42
-65188 83
-65182 111
-65161 77
-65148 77
-65119 106
-65106 45
-65085 82
-65081 35
-65075 56
-65058 103
-65047 48
-65028 110
-65021 39
-65015 75
-65000 57
-64984 46
-64954 59
-64930 67
-64916 103
-64894 60
-64893 25
-64869 36
-64856 53
-64839 25
-64835 50
-64831 81
-64811 61
-64785 87
-64771 24
-64753 58
-64749 24
-64719 40
-64711 31
34122 77
34142 82
34166 60
34196 72
34198 84
34203 71
34225 40
34230 56
34236 57
34237 77
34249 77
34273 22
34276 39
34299 87
34305 68
34321 52
34333 61
34340 81
34356 26
34369 53
34386 84
34397 36
34415 50
34440 35
34462 57
34478 27
34508 62
34531 32
34552 70
34569 69
34598 81
34619 32
34647 26
34676 36
34678 56
34691 56
34704 58
34714 69
34743 51
34757 69
34769 28
34784 33
34807 72
34833 73
34848 29
34878 39
34883 36
34898 37
34907 61
34913 38
34930 46
34943 41
34968 29
34988 23
35006 69
35012 70
35020 58
35022 65
35041 47
35067 57
35068 61
35076 48
35106 15
35135 58
35162 46
35164 49
35170 37
35195 30
35223 48
35239 45
35240 34
35253 25
35277 14
35307 36
35332 29
35361 8
35373 31
35394 14
35406 31
35409 20
35424 9
35451 9
35461 6
1 1000000
60011 10000
45 3
-132 166
-125 231
-113 378
-112 137
-110 362
-94 148
-90 291
-85 376
-81 270
-79 230
-68 164
-63 142
-62 381
-57 251
-49 118
-47 303
-33 202
-22 194
-18 62
-11 262
-9 157
-8 307
-3 268
10 144
20 138
22 286
32 92
33 261
41 391
43 104
49 112
54 309
61 202
77 252
78 13
80 430
81 153
90 91
104 412
105 124
109 318
121 155
126 265
132 146
133 190
196 4
-98148 1
-96109 1
-95578 1
-93507 1
-92501 1
-91653 1
-90754 1
-89090 1
-88935 1
-88725 1
-84759 1
-84284 1
-84121 1
-82504 1
-81823 1
-81396 1
-81226 1
-80983 1
-80629 1
-80164 1
-79317 1
-79054 1
-77043 1
-76682 1
-76032 1
-74950 1
-74180 1
-73341 1
-73183 1
-72845 1
-71953 1
-70609 1
-70419 1
-69253 1
-67607 1
-67387 1
-67305 1
-64036 1
-63511 1
-62545 1
-62111 1
-61991 1
-60752 1
-57628 1
-57354 1
-56688 1
-56506 1
-55811 1
-53508 1
-53284 1
-52898 1
-51426 1
-50058 1
-49279 1
-48039 1
-46870 1
-44665 1
-41526 1
-39371 1
-38675 1
-38562 1
-37838 1
-37161 1
-36985 1
-32963 1
-32512 1
-31506 1
-30675 1
-29598 1
-28157 1
-25500 1
-25119 1
-24717 1
-21687 1
-21680 1
-20790 1
-16415 1
-15517 1
-13650 1
-13616 1
-13036 1
-12787 1
-11061 1
-7815 1
-7566 1
-6009 1
-3219 1
-2913 1
-2038 1
-1842 1
-1748 1
-1516 1
-1241 1
2929 1
3580 1
3742 1
4236 1
4870 1
5878 1
6041 1
6580 1
7028 1
7033 1
9288 1
9828 1
10038 1
10458 1
10463 1
11659 1
12771 1
14475 1
16757 1
17464 1
20931 1
21133 1
21374 1
22126 1
23199 1
25244 1
26190 1
32609 1
33929 1
34007 1
34362 1
35781 1
37616 1
38131 1
41582 1
41680 1
41701 1
43075 1
45362 1
46399 1
46478 1
47110 1
49103 1
49158 1
49202 1
49365 1
50527 1
51533 1
51587 1
53012 1
53558 1
53620 1
55707 1
55865 1
56379 1
60113 1
60223 1
60298 1
61995 1
63926 1
63947 1
65000 1
65111 1
65901 1
66151 1
66640 1
66685 1
67090 1
67412 1
67479 1
69961 1
70301 1
71741 1
72120 1
72237 1
74042 1
74638 1
74651 1
79938 1
81008 1
82227 1
83222 1
83487 1
84554 1
84658 1
86080 1
86290 1
87100 1
87167 1
89085 1
89498 1
89959 1
90229 1
90667 1
90743 1
90782 1
92259 1
92781 1
95688 1
96029 1
98276 1
99014 1
99980 1
191 1
-61109 12649
-61081 12287
-61074 19377
-61059 20733
-61055 13933
-61052 20878
-61025 11492
-60995 20460
-60979 9378
-60955 10478
-60950 9626
-60948 12916
-60926 15879
-60906 18677
-60880 20224
-60877 6124
-60867 21572
-60849 20539
-60834 9881
-60822 17617
-60820 11652
-60811 10424
-60786 22165
-60762 12916
-60748 22309
-60720 12277
-60716 18388
-60707 6256
-60696 11106
-60667 20585
-60658 7001
-60654 7734
-60648 18788
-60622 13973
-60599 10654
-60570 13433
-60557 19805
-60543 12907
-60515 17390
-60507 6072
-60500 15918
-60487 20021
-60469 15805
-60465 16904
-60462 17935
-60436 17510
-60428 12645
-60398 17027
-60386 9454
-60361 12913
-60345 5792
-60326 11505
-60312 11403
-60286 6619
-60264 8110
-60258 4848
-60237 13719
-60208 10363
-60178 15124
-60158 15028
-60141 13913
-60135 9810
-60129 4463
-60108 12982
-60095 6649
-60075 9399
-60062 10263
-60045 11547
-60029 4674
-60000 9695
-59972 5522
-59945 4641
-59932 13745
-59922 10674
-59911 2956
-59883 9089
-59877 6714
-59872 5873
-59851 4050
-59832 1852
52529 14
52544 5
52573 8
52596 10
52623 9
52636 9
52644 9
52649 4
52666 14
52681 11
52686 9
52702 10
52709 8
52713 12
52741 12
52764 8
52785 7
52815 7
52837 4
52862 3
52888 7
52901 5
52922 7
52936 9
52958 11
52984 14
53009 6
53020 5
53034 13
53054 10
53059 10
53073 3
53076 3
53082 7
53101 13
53113 8
53125 5
53134 3
53158 10
53188 12
53214 3
53239 5
53266 8
53279 8
53290 12
53294 7
53322 4
53346 13
53368 11
53383 7
53395 4
53402 11
53406 5
53414 5
53435 6
53440 4
53464 12
53492 6
53502 8
53516 9
53519 11
53539 12
53565 5
53586 11
53590 8
53600 9
53616 9
53630 3
53653 3
53661 7
53689 6
53710 4
53727 10
53753 10
53772 11
53802 3
53820 11
53841 5
53843 2
53857 9
53865 6
53868 5
53870 8
53874 5
53903 5
53932 8
53961 2
53970 9
53990 6
54014 10
54019 5
54047 3
54051 12
54078 6
54091 2
54114 11
54140 9
54145 10
54170 9
54182 8
54206 8
54225 2
54229 5
54249 7
54264 7
54286 5
54307 2
54331 4
54352 1
54373 3
54396 1
200 5
-100000 51
-99715 92
-99179 22
-97344 43
-94344 80
-92137 59
-90698 60
-90103 85
-89788 30
-89215 56
-88676 30
-87799 72
-87526 83
-86494 20
-85921 12
-85734 48
-85023 27
-83796 25
-83691 55
-79640 57
-79033 21
-77140 27
-75625 34
-74927 34
-74725 13
-73993 29
-71312 26
-70719 60
-69944 24
-68293 75
-67514 22
-67012 37
-65357 64
-64343 72
-64199 38
-63464 65
-61172 68
-58538 77
-58475 55
-56594 74
-56462 67
-55266 39
-53884 77
-53868 24
-53492 71
-51417 77
-51399 26
-50293 47
-48402 54
-48158 48
-47883 82
-47497 6
-47379 38
-47244 77
-47022 71
-46765 53
-46676 12
-45821 58
-43479 33
-40995 16
-40988 36
-40695 50
-40355 79
-39845 39
-38315 90
-37105 62
-34690 60
-34598 63
-34302 61
-33038 53
-31708 39
-30284 48
-29253 36
-28929 42
-28476 61
-28031 39
-27830 33
-27030 53
-24433 61
-23484 74
-18836 41
-18482 96
-16760 10
-16219 92
-16159 34
-15635 33
-15388 19
-14496 68
-14433 45
-14343 66
-14216 56
-12519 42
-10095 48
-6829 27
-5070 52
-4827 66
-3254 47
-1842 57
-412 73
1139 21
1405 40
2629 37
2994 38
2996 58
3020 65
3315 30
3324 48
6030 66
7002 37
8841 36
9486 34
9830 63
10222 46
12454 44
15690 71
18731 81
19678 52
19816 57
19949 46
20001 28
20130 43
21664 92
22019 58
22729 38
25932 53
28437 44
29437 29
29583 27
30991 59
32450 23
33986 32
34043 46
36085 17
37822 32
37926 83
38734 44
40246 68
41861 77
41879 45
42459 20
42479 84
43110 82
43771 82
45011 100
45974 44
46850 29
46960 24
47141 59
47812 81
49586 33
49782 77
51027 75
52395 36
54336 24
56163 56
56492 58
56995 81
57904 35
58256 51
58765 54
58783 77
59038 44
59895 41
61070 25
61080 55
65105 30
65227 37
65929 80
66565 26
66595 28
68631 54
69197 55
70042 78
70169 56
70503 30
73052 95
73919 48
76497 70
81610 32
83061 36
84537 85
85015 30
85763 26
88519 60
89109 51
89756 58
89980 19
91047 38
92198 34
92550 23
92746 76
92988 44
93995 95
94182 79
94774 10
96477 59
97155 41
98680 30
99892 51
100000 52
1 1000000
29697 1000000
1 1000000
11736 10000
200 1000000
-100000 81
-99501 42
-99162 62
-98449 59
-96128 27
-95695 65
-94763 76
-93542 49
-91791 17
-91448 41
-91036 40
-90687 72
-90663 24
-89047 32
-87133 89
-86872 55
-85559 72
-85552 29
-84431 65
-83790 61
-79644 30
-78117 45
-77545 31
-76550 48
-76538 41
-76289 18
-75661 81
-73930 13
-71697 74
-71321 73
-70137 28
-70081 94
-69013 44
-67154 81
-67060 66
-65640 31
-63704 71
-63368 57
-63043 81
-60753 37
-58976 68
-56570 61
-54959 28
-53787 15
-50915 25
-50214 34
-50017 25
-48318 50
-48155 59
-47250 31
-47053 51
-46669 31
-44755 55
-43658 55
-43394 74
-42945 63
-42515 41
-40691 69
-39907 77
-39614 48
-38224 56
-37183 90
-36302 48
-36069 25
-36037 20
-35401 71
-34878 56
-32782 24
-32116 42
-29037 52
-25086 30
-24178 41
-21764 78
-21519 72
-21215 42
-20096 20
-18363 71
-17449 16
-15910 50
-15803 35
-14988 55
-14480 30
-14071 56
-9657 71
-7749 64
-7625 47
-6384 64
-6373 42
-6059 43
-5054 56
-4471 48
-3417 40
-1970 33
2288 75
6733 58
9021 59
9839 50
11512 20
11652 27
12741 15
13149 36
13683 82
15062 72
15570 92
19429 37
20080 26
20921 49
21289 30
23151 66
23944 48
23989 48
24502 22
28758 42
28871 18
29001 31
29149 95
29776 29
35154 29
36440 42
36586 84
37318 46
37670 23
38425 71
39364 34
40267 38
40280 96
40724 62
41230 35
41673 68
43422 39
43520 36
44168 60
46092 36
51759 74
52101 75
52248 62
52748 47
52778 28
53960 22
54121 23
54325 45
55160 58
55477 20
55770 26
57223 54
57933 25
60200 53
62138 31
63536 72
63575 83
63607 35
63914 94
64058 71
64285 49
64289 33
65011 22
65505 52
66670 39
67246 53
68007 79
68030 32
69310 15
69670 28
70062 22
70268 44
70639 31
70732 34
72630 87
73260 74
76526 79
77302 50
78637 78
78905 56
80095 87
80449 32
80725 50
81162 80
82685 59
84368 39
84594 62
85746 30
86640 55
86784 67
87450 32
88503 84
88813 39
89373 73
89881 35
90402 57
91343 51
91469 45
92094 55
92285 55
93550 58
94113 48
95661 50
96824 38
97235 61
97853 61
100000 66
200 38
-99843 1
-99765 36
-99688 40
-99623 47
-99002 33
-97365 37
-96596 12
-95085 49
-94911 43
-92971 42
-92970 16
-90875 6
-90242 18
-87004 48
-86154 41
-85099 47
-82855 43
-80658 47
-80557 2
-80374 24
-80201 25
-79511 28
-78379 25
-76842 47
-76704 22
-75958 19
-75581 9
-75306 37
-75085 28
-74692 11
-72841 45
-72083 13
-71862 43
-71468 20
-70555 3
-70249 32
-70066 4
-68484 18
-68310 37
-67588 46
-66954 5
-66248 47
-66165 40
-64025 40
-62946 19
-59806 36
-59383 10
-58376 1
-58160 8
-56182 50
-56006 15
-55940 42
-54237 42
-53577 50
-53256 26
-52322 38
-51991 11
-51742 43
-51712 20
-51498 18
-50959 35
-47445 2
-46308 5
-46091 1
-45741 24
-43679 26
-43358 35
-41792 7
-40401 29
-38088 5
-37870 3
-36870 36
-36529 27
-36153 12
-35886 14
-33305 36
-31730 37
-29294 46
-28698 41
-27990 7
-27568 48
-26916 3
-25711 3
-25325 9
-24982 17
-24780 39
-22416 5
-20302 31
-18748 3
-18337 33
-17401 26
-16559 16
-16022 8
-15356 7
-14558 7
-14275 16
-14269 47
-11132 39
-8793 27
-8763 33
-8427 11
-8170 16
-7643 44
-7149 2
-6581 44
-5435 12
-4963 2
-2020 36
3354 40
3607 13
4053 5
5518 3
5603 45
6980 1
11046 41
11239 21
12573 6
12705 18
12815 34
14192 47
14867 2
15759 1
19065 39
19542 18
19675 27
20688 27
21370 9
25067 35
25261 23
25311 29
25743 22
26066 14
26552 36
27988 29
28555 49
28738 1
32411 38
33488 7
38285 38
38779 8
38981 6
39934 49
40926 15
43374 20
45559 20
46963 50
49644 50
50020 21
51785 45
53304 6
54743 26
55960 46
56712 8
57269 43
59939 31
61532 13
62462 35
63639 4
63845 45
64448 38
65276 24
66029 8
68314 3
68977 10
70659 27
72687 43
72838 25
74094 17
74454 44
75167 31
75686 10
76652 14
77740 5
77742 45
78793 42
78807 17
79179 20
80588 42
81184 4
82267 20
82588 17
84143 35
85622 1
85984 25
86766 11
86960 22
88321 49
88543 16
89251 2
89530 3
89978 43
92410 11
92618 45
93087 37
93334 4
95046 29
95293 21
95643 13
96995 16
98626 19
200 29
-96533 34
-96476 45
-94030 40
-91793 19
-91678 7
-91276 19
-90977 16
-89118 44
-84276 9
-84140 2
-82088 10
-81544 28
-80397 47
-79893 25
-77599 20
-76820 19
-75479 50
-75151 11
-73479 37
-72494 2
-71776 27
-71065 12
-68296 31
-66303 14
-65996 18
-65284 45
-64770 2
-64032 1
-63559 3
-62633 3
-59221 32
-56783 29
-56656 37
-56189 21
-55202 18
-54475 21
-53389 44
-52670 41
-48899 41
-47022 17
-46665 21
-46342 39
-46175 36
-45916 21
-45301 17
-44144 13
-42919 47
-40901 28
-40561 32
-39381 11
-38324 24
-37832 47
-37621 16
-33277 44
-31126 43
-30978 19
-30769 24
-30017 39
-29869 50
-27182 50
-25415 36
-25039 13
-23825 5
-23546 19
-23245 44
-22182 39
-20890 11
-19674 37
-19135 24
-18429 35
-17234 44
-16825 30
-15577 11
-14350 28
-13390 29
-10756 28
-9999 41
-9652 49
-7507 32
-7500 35
-7088 46
-6566 43
-6446 10
-4699 35
-4075 13
-3929 50
-3916 23
-3352 24
-2940 1
-732 47
-449 32
-191 46
-140 17
1019 23
1059 11
3347 25
3541 32
4798 17
6767 50
7998 27
8047 23
10888 21
11310 11
11812 29
11889 1
12811 41
13203 4
13637 5
14170 31
14174 19
16540 37
20960 4
21381 14
21652 15
21659 24
22063 30
22373 21
23650 42
23795 49
23906 43
25037 49
27731 30
28027 22
28909 23
29289 16
31671 47
36958 36
37049 25
40090 23
41099 15
42329 32
42948 43
44955 47
45733 36
45774 8
46057 44
46876 12
47553 10
48548 14
49397 38
50144 25
51839 34
52076 38
53199 11
53343 47
55258 8
55682 23
56283 35
57594 38
58502 15
58818 49
59233 3
59602 33
60071 46
61892 45
61947 26
63345 21
65160 30
66483 19
66723 21
68276 19
68816 46
69935 30
70436 13
70898 1
71456 12
72259 34
72578 10
73587 27
74973 16
75365 41
75736 43
76618 4
78419 20
78698 17
79254 38
79797 19
81202 29
81468 14
82533 18
82552 19
83345 14
83767 47
86365 22
87315 29
87758 48
88616 33
89462 33
90264 15
91293 10
91517 43
93062 19
93410 32
93574 13
94503 41
94990 11
95319 13
96130 14
99485 49
99810 35
200 184
-99747 8
-98699 9
-98639 1
-98304 1
-97945 2
-96184 5
-95092 10
-94822 4
-94659 3
-94192 10
-90429 2
-87925 10
-87050 2
-86843 2
-85915 1
-84189 10
-83820 5
-83481 5
-83388 1
-82707 10
-81888 4
-81227 6
-78679 8
-78668 8
-77799 9
-77253 9
-75936 5
-74041 6
-73029 1
-70344 4
-70325 8
-69719 2
-69265 5
-65940 9
-62993 4
-61122 1
-60998 4
-60980 1
-60060 7
-58719 5
-56898 7
-56531 6
-56399 5
-55214 1
-54692 2
-54678 7
-51586 9
-51404 5
-51064 6
-50901 10
-47505 3
-47043 8
-46628 9
-46390 1
-46297 8
-45827 1
-45680 9
-45377 8
-43363 10
-43242 9
-43150 4
-41960 4
-41300 7
-40170 7
-39735 1
-38923 2
-38296 1
-38294 3
-36899 9
-35183 5
-34162 9
-31808 10
-31496 4
-30945 2
-29149 7
-29073 8
-28762 9
-27610 4
-27559 8
-25733 8
-25636 2
-24906 6
-24754 2
-21131 2
-19160 1
-18207 6
-17843 4
-17193 8
-17109 6
-17021 1
-10663 6
-9894 1
-9330 10
-9254 3
-8423 9
-8319 10
-8013 3
-6571 2
-6216 4
-6172 6
-5774 2
-4965 7
-3933 2
-3679 3
-1590 7
-1270 8
2988 5
3897 10
4551 8
5814 6
6338 3
8122 8
8595 1
8611 4
11981 6
14763 2
15048 6
15065 4
15877 5
16683 3
17669 3
18805 7
20116 3
21259 6
22491 9
23009 8
23061 7
23208 1
26323 6
27436 4
28431 6
31021 9
31987 8
32400 9
32860 10
33018 8
36247 6
37441 1
39234 4
39389 1
42494 8
43160 7
43652 5
43914 4
46102 4
46409 4
47183 8
47931 4
49172 4
50071 10
50153 7
50806 4
51163 4
53267 3
53883 2
54914 3
55118 4
56476 5
57174 8
57442 3
58558 10
60888 4
61142 8
63970 6
65753 2
66223 5
68416 5
68544 2
70685 6
71420 7
72398 10
72616 9
73171 10
73780 5
74036 7
74714 9
75967 5
76486 7
78276 2
78338 4
81088 9
81142 4
81252 8
81340 3
81483 1
81521 10
82025 2
82486 8
84641 7
87702 9
88198 3
91278 1
94251 4
95405 1
96689 10
97964 3
97965 2
98137 1
99323 3
99389 2
200 5
-100000 5185
-99132 5330
-98453 5524
-97991 1156
-94741 3049
-94175 2410
-93050 3412
-91116 4584
-89995 6323
-89896 1642
-88987 9023
-88816 3082
-87895 4138
-85721 5708
-84693 3461
-82964 8058
-78823 4860
-77942 5171
-77374 4693
-75090 2530
-74763 3292
-72204 3670
-70812 4413
-68752 4987
-68174 2755
-68019 5137
-67486 5595
-64596 4395
-63058 8420
-62083 4601
-60843 5317
-58869 3574
-58821 6031
-58807 3584
-58794 2737
-57167 4401
-56008 5814
-52760 6618
-50475 4414
-49490 4453
-48770 8797
-46751 8577
-46673 6197
-45128 5080
-44284 7525
-43489 8356
-42727 3529
-42530 5387
-42390 4990
-41929 3538
-40822 1752
-36112 4184
-30712 5599
-29379 5447
-29376 2277
-28911 5703
-28720 7818
-28380 5053
-27389 4475
-22214 2772
-21917 4057
-20809 3784
-20492 2907
-19658 4874
-17424 4876
-17389 4885
-16721 2591
-16025 3079
-14930 5059
-14620 7734
-14518 9035
-14287 4594
-13732 5212
-13708 2110
-13241 4763
-11414 6073
-8788 4200
-8752 4777
-8478 4647
-8197 3217
-6888 6732
-6613 3032
-6398 1467
-5873 6640
-5468 3205
-5107 4643
-5082 6059
-2933 7271
-26 7930
470 7647
619 6295
649 8390
671 6278
768 3940
1538 6043
3530 2954
4119 5202
5470 4009
7391 4869
7546 7040
8412 6343
8775 7557
9005 1559
9521 6998
9784 6946
10181 6831
11200 3036
12482 4436
14462 9675
15579 4483
17289 3834
20077 2763
20213 2823
20451 2064
20523 4833
27632 6068
28921 4562
28939 3587
30532 5869
32870 9322
33267 548
33738 8929
34740 7998
35157 3596
35314 3828
36485 8946
36572 5858
37251 3190
39903 2538
40637 7286
42828 3204
44880 2183
48093 8770
49153 5728
49387 3024
51772 5297
51797 3111
51827 7800
51966 7355
52000 7311
54425 3774
56330 5065
57381 8940
58409 4650
59546 2564
59844 4397
60608 6925
61830 6131
61903 3352
62079 3004
62137 5099
63954 4577
64962 4343
65890 3484
66510 2182
66628 9139
66959 8898
67554 7676
68349 7267
68674 3683
68967 4745
69112 4513
72479 7019
72675 4206
72699 5452
75703 7149
75815 4794
76225 4761
76961 2383
77077 1725
77527 5294
77805 8277
79660 6945
82773 6206
83154 8604
83561 2731
84244 5408
84787 2026
86314 1909
87742 6099
87774 2834
88292 5065
89015 1884
89254 2730
89334 8916
90483 1463
90609 8654
91436 4896
92101 2308
93419 3481
93593 4254
93910 2330
94655 3780
94799 5654
94862 3909
95498 5041
95789 8516
97670 3292
98898 4245
100000 8540
10 4
-36 195543
-25 3725
-11 120358
-1 115232
10 117805
17 69272
27 62666
29 59586
38 143929
40 109854
1 750466
-43437 6556
200 1000000
-100000 8844
-99909 4360
-98595 4477
-98062 3089
-97398 5536
-95429 5555
-94974 5066
-93663 5099
-93525 5528
-91989 8902
-91736 5056
-89497 2627
-87683 2306
-86869 1926
-86434 9259
-85289 2010
-84396 2011
-83457 4479
-83185 5040
-82775 5576
-80102 6862
-79376 8129
-78925 5236
-77924 2894
-77622 5993
-76283 3768
-74974 8706
-74783 2379
-74374 8939
-73212 4805
-72072 3811
-71658 7143
-70953 3692
-69394 2935
-66392 6053
-65246 2963
-64527 9078
-63786 8925
-61873 7887
-59847 8149
-59271 2052
-58938 2609
-57665 3009
-56771 8413
-54798 5455
-54510 2418
-53976 3007
-53842 3508
-53545 2301
-53381 7981
-50801 6813
-50781 2474
-49014 1875
-48386 4036
-48186 6033
-45823 9539
-45337 2339
-42859 6734
-42545 3482
-41357 3281
-39680 2088
-38141 9366
-37700 5053
-36576 3212
-36406 6340
-36045 3189
-35011 3089
-34543 6132
-34055 8185
-33077 5674
-32010 5080
-31975 5378
-30896 3458
-30271 5633
-30240 8503
-29346 3790
-29000 1681
-28743 3894
-28252 4661
-26865 8281
-25521 1513
-23900 7256
-23672 2924
-21747 5227
-19703 1896
-16725 6640
-15931 2907
-15108 6770
-14906 2849
-13601 7308
-13466 3320
-13439 2260
-13025 4103
-12816 4102
-12242 3081
-11492 4645
-11260 2648
-10395 4246
-10162 2742
-9460 3048
-8746 3757
-7521 6126
-7462 4620
-6941 4616
-5631 5933
-5247 7243
-5031 3071
-4268 4632
-3887 3949
-3396 2349
-2794 4247
-725 8843
-48 3124
792 9547
4089 5785
4618 4766
5081 2180
5386 6611
5456 1867
5530 6277
6410 5667
6883 5747
9949 4383
9992 7606
11525 4845
14281 3571
14418 7309
14547 9429
14955 6553
17968 2004
18688 9250
19880 5956
20710 8528
22643 6189
22670 2396
22933 2892
24138 8613
27191 7130
27442 3412
28154 6756
31355 5917
31870 158
33132 5141
33241 2135
35347 9333
36883 9010
37611 1713
37729 2374
38356 3526
38482 3159
39106 2489
39473 4736
40401 2883
42450 3421
42632 2111
43376 8212
43992 5185
44160 4797
44555 2230
47204 1932
47795 6866
49727 2099
50499 2684
52244 2903
53474 8719
54984 5337
55502 8837
56164 8034
57853 6073
58217 6699
65477 5833
67041 5591
67475 6144
67524 5238
69107 5293
70793 8637
72921 3083
73462 3795
74338 5591
75211 3343
75363 3286
75725 3357
78115 6249
79363 4339
82435 6476
83742 4325
84149 7958
84457 4017
85259 5388
88446 4962
89376 6081
90038 5544
90157 8207
92761 5980
93879 5322
96295 3467
98956 6739
99325 6644
99954 3403
100000 4592
114 2
-99875 141
-98352 84
-97957 83
-97246 123
-95841 31
-92902 99
-91045 109
-90356 137
-88850 78
-87734 109
-82061 45
-79639 64
-77529 65
-77517 56
-74421 105
-70468 88
-70342 59
-69603 143
-66562 106
-65209 150
-62625 73
-62149 64
-57762 49
-57709 150
-54796 48
-52166 155
-50950 73
-48582 154
-48048 95
-47801 51
-46470 159
-43853 44
-43368 42
-41526 106
-39069 105
-38443 39
-34358 106
-33700 114
-31413 141
-29398 65
-29209 99
-29053 39
-29015 80
-23923 117
-22716 48
-21786 57
-21177 137
-18229 138
-17966 122
-16672 134
-16184 80
-13938 44
-11395 101
-10735 84
-10548 100
-9536 55
-9521 161
-8985 113
-5877 107
1926 41
3230 69
8386 145
8533 86
9542 83
10187 112
11134 72
11619 35
16971 116
17115 81
22422 37
24582 53
25534 73
26650 55
26776 29
28253 61
28614 120
33215 88
34215 54
35511 108
37606 56
38367 133
39537 40
42067 80
44427 138
44582 80
44852 89
46219 130
47335 81
50149 131
50632 62
53607 72
53888 43
54020 55
57279 166
57471 55
58148 110
58552 38
62638 103
63096 139
63332 25
65383 21
69826 117
71665 83
73981 33
78051 109
84338 51
84575 140
86257 59
87192 114
91524 101
96102 63
96321 110
98160 44
98385 60
200 53927
-100000 29
-98520 49
-96484 57
-95717 61
-95449 33
-92602 59
-91324 37
-90626 84
-90435 29
-90027 65
-89740 47
-87520 57
-83578 78
-82878 46
-82232 34
-81995 50
-81525 34
-79852 58
-78265 54
-76288 47
-75614 18
-73033 33
-71904 35
-70907 53
-70732 80
-70629 70
-70485 57
-69837 70
-69209 29
-68914 28
-68856 32
-68424 82
-67546 68
-66865 37
-64885 53
-62285 35
-60130 35
-57946 52
-55820 41
-55802 23
-55453 19
-54515 44
-53472 71
-51747 21
-51362 24
-50541 70
-49476 82
-49227 71
-49170 47
-48786 36
-48516 88
-48440 54
-47791 43
-47752 87
-47725 95
-46074 68
-45854 40
-45353 47
-45316 60
-44026 45
-39322 32
-39191 22
-37074 30
-35818 25
-35656 82
-35296 73
-33690 31
-31587 77
-31480 69
-30953 53
-30293 72
-28170 52
-28038 46
-27236 34
-25432 47
-25232 57
-24873 24
-24047 41
-21977 21
-21028 71
-17715 6
-16793 39
-16244 56
-12477 59
-11719 32
-10041 59
-9268 20
-7865 47
-7732 86
-7627 28
-7334 25
-6487 13
-6357 79
-3972 31
-3719 45
-178 98
324 90
797 33
3507 21
3929 85
5021 67
5756 22
5813 53
6118 42
8644 83
9120 33
9329 71
9468 43
11636 86
12648 74
14997 22
15222 48
16138 61
17137 21
17823 72
18129 44
20642 26
21763 29
21787 62
22263 76
22365 75
23674 48
24327 27
25778 86
27827 73
28898 75
29510 40
30928 55
31726 47
31860 23
32493 57
34534 67
35373 47
35992 21
36136 34
40401 46
41134 39
43218 39
44986 87
47079 23
47091 80
47564 71
50153 30
51500 52
53013 66
53145 54
53884 80
54844 42
55645 58
56779 75
57657 95
57718 28
57746 17
57876 11
59317 46
59338 48
60100 45
60206 44
60380 61
60553 27
60978 47
61933 68
62758 50
63341 52
63904 94
65743 78
66686 19
66999 32
67846 7
72479 82
76497 75
78779 20
78849 47
80305 24
81993 73
82689 42
84048 45
84122 52
85424 46
85801 31
85987 72
86096 55
87266 63
89472 84
90092 34
90436 49
90889 46
91791 14
92652 49
93584 43
94509 24
94897 82
94913 50
95275 33
95984 43
96463 25
98058 62
98329 57
98414 64
100000 31
200 95870
-100000 3464
-98954 3250
-98685 6861
-97341 3051
-94528 7594
-94396 4699
-91959 6393
-91244 4687
-90197 1854
-89846 8271
-89666 3476
-89099 4695
-88583 3957
-84684 3156
-83622 2160
-83507 6532
-83063 8641
-81233 6096
-77759 7898
-77086 2226
-76213 7090
-75552 7694
-71663 3845
-70776 9414
-70146 3658
-69894 6069
-68899 3357
-68445 6027
-67445 6114
-67003 5845
-64790 4012
-63917 5964
-61202 4995
-59035 7358
-59006 1784
-58233 1462
-57869 746
-56431 8395
-56410 2342
-56151 3394
-55231 9876
-52021 3902
-51470 5382
-51284 4698
-49304 4733
-48737 3129
-48561 4016
-48342 2945
-47861 9340
-47364 4010
-45580 6733
-45065 3798
-44580 5025
-42452 6383
-41811 5121
-37586 6571
-35089 3155
-33674 3441
-32929 5159
-32740 3224
-30452 6693
-30393 6023
-30053 4640
-29952 6181
-29674 3081
-28407 1508
-27819 4988
-27671 7859
-26583 1437
-25105 3719
-22769 2906
-22281 3536
-19550 8000
-19348 7024
-18960 5316
-18690 7164
-15951 1685
-15540 4727
-15502 9197
-15187 4003
-15043 3820
-14058 6918
-12963 5723
-12417 2373
-12175 1660
-8626 5963
-7910 9487
-7082 5937
-5894 8801
-5650 4698
-5339 5618
-5000 7467
-4931 6306
-4744 8853
-4336 4967
-4314 8412
-3356 3495
-3352 3734
-2301 2543
-1757 6181
-1714 7965
712 6992
1009 1816
1163 4695
1593 5793
1604 4883
1953 1545
2532 5268
2950 8541
4313 6725
5180 5457
6109 2374
6575 3894
6927 2006
7489 7921
8401 3677
9328 5455
9746 2683
9780 2380
13420 6933
16248 6273
16264 4293
16460 5935
16616 5548
16813 7670
16815 4446
16826 2315
17380 5201
19846 3674
20724 8021
21149 4176
22757 7004
22891 5081
23894 3676
24148 6134
25382 4836
25488 3020
27631 6797
27969 6818
29884 4925
30890 8473
30969 2092
31997 2495
33938 2988
35168 1374
35530 7046
37135 8564
40692 3970
40873 5746
42093 3886
44039 6712
47641 3770
49774 4037
52433 6352
53180 4348
53555 1644
54268 5385
54441 4173
54668 4617
55713 7647
57844 4762
59064 4506
60710 2248
61802 5067
63104 6267
63361 4446
63806 1964
64319 5490
65660 6256
66092 5773
66995 2842
69374 1830
70382 5290
73973 5507
76757 8152
78471 2199
79704 6141
80671 2513
80814 2009
83063 7490
84580 2618
85256 5451
85987 5349
86777 6666
88250 3719
88748 2938
89411 7924
89678 3908
90661 1750
90752 8825
92711 4146
93779 5243
94000 2360
95203 2333
95879 3112
96591 4307
97442 8721
97612 7844
99581 8374
100000 3685
120 6
-63768 6
-63748 19
-63741 16
-63731 16
-63701 7
-63683 17
-63658 23
-63633 20
-63623 6
-63597 21
-63584 9
-63573 8
-63560 18
-63535 7
-63517 7
-63500 19
-63490 8
-63478 20
-63473 12
-63463 21
-63448 7
-63433 5
-63429 5
-63423 15
-63402 15
-63387 11
-63380 9
-63372 10
-63347 22
-63333 16
-63321 14
-63295 19
-63275 18
-63246 8
-63233 5
-63213 13
-63195 6
-63167 7
-63140 5
-63114 7
-63105 12
-63102 7
-63083 19
-63057 17
-63031 18
-63015 16
-62992 19
-62972 13
-62962 17
-62934 5
-62925 20
-62914 12
-62909 8
-62892 12
-62868 9
-62867 8
-62840 7
-62832 9
-62805 9
-62786 9
-62767 6
-62753 19
-62746 16
-62731 20
-62726 20
-62704 17
-62692 11
-62691 15
-62668 18
-62638 11
-62626 18
-62625 17
-62600 17
-62585 7
-62560 10
-62533 9
-62504 12
-62488 15
-62461 12
-62435 13
-62410 13
-62405 12
-62395 3
-62389 6
-62384 6
-62383 13
-62356 5
-62348 5
-62325 13
-62300 10
-62284 9
-62270 9
-62255 8
-62253 3
-62241 4
-62216 6
-62210 1
-62207 2
48408 216
48409 789
48414 682
48436 700
48452 285
48465 684
48477 603
48486 249
48498 198
48501 505
48513 533
48534 566
48550 305
48578 445
48599 293
48619 362
48649 449
48655 246
48661 278
48665 297
48683 47
48696 81
71 27
-92757 1
-91155 1
-88154 1
-83967 1
-83271 1
-79558 1
-77945 1
-77209 1
-76329 1
-71586 1
-69990 1
-67238 1
-60176 1
-56450 1
-56159 1
-54555 1
-49005 1
-43291 1
-41050 1
-39859 1
-36477 1
-33111 1
-32625 1
-25991 1
-24700 1
-23052 1
-20500 1
-20086 1
-18258 1
-15869 1
-11669 1
-7526 1
-7210 1
-6 1
1847 1
4993 1
7073 1
9993 1
11853 1
12763 1
23669 1
24174 1
28982 1
30909 1
32759 1
35785 1
36883 1
36983 1
39781 1
43737 1
43980 1
47292 1
48411 1
52002 1
53538 1
60302 1
61257 1
63121 1
64343 1
65343 1
69690 1
70443 1
70733 1
71098 1
71883 1
72914 1
78544 1
82328 1
92250 1
92788 1
99513 1
127 9
-95937 154
-93920 60
-93181 112
-92997 86
-92001 47
-91968 35
-88411 36
-86919 68
-82326 44
-77281 33
-76167 46
-75352 105
-73851 82
-73786 83
-72021 42
-71457 68
-67521 79
-66929 117
-65674 59
-61301 109
-60343 116
-59066 74
-55441 87
-52229 73
-51591 120
-50783 106
-50563 37
-44128 100
-43826 105
-40669 104
-39786 80
-39718 71
-38212 55
-37103 46
-36835 56
-36319 122
-35325 99
-34972 90
-34877 114
-34654 55
-33064 35
-33051 43
-30564 62
-29649 62
-29099 55
-28145 63
-25061 62
-23111 103
-20922 35
-18896 91
-17693 45
-14603 84
-13002 154
-10263 116
-9166 17
-8566 85
-5584 85
-4633 140
-4027 86
-4012 37
-2923 40
-2430 100
-2222 96
-1875 75
3393 84
6758 66
12631 144
13262 51
13929 67
14135 40
15365 69
18783 149
20719 85
21047 111
21346 127
21363 87
21791 102
22223 112
22422 77
23878 49
24470 64
25808 34
25979 101
27772 55
31867 57
35205 66
35307 128
36004 48
40556 70
42243 127
42857 90
45757 62
47062 57
48115 99
49608 130
52785 71
53117 97
54422 50
54797 72
59608 48
60445 32
62865 117
63192 38
64771 51
68125 78
70376 32
70878 54
72157 126
72188 77
73064 122
74233 102
75486 50
75998 126
76130 70
76808 34
76862 91
78150 112
78364 58
80726 100
84022 94
84533 63
88245 82
90046 34
90158 120
95257 41
97455 70
99340 126
200 3
-97848 119
-96075 128
-96046 87
-95895 167
-94405 193
-93472 133
-92650 179
-92447 66
-91652 226
-91387 85
-90492 56
-90121 165
-90082 235
-89744 166
-89472 186
-89064 183
-87637 95
-85939 147
-84823 64
-80200 12
-79864 132
-79079 150
-78886 71
-78694 135
-76664 112
-75313 121
-74546 13
-74220 178
-70599 200
-69762 122
-68725 146
-67396 188
-66543 217
-65869 125
-64068 100
-63421 91
-62980 132
-61568 142
-60232 158
-59842 202
-59663 98
-58474 38
-57671 60
-57264 61
-55838 11
-55041 245
-54281 88
-53455 100
-53282 219
-53260 139
-52195 63
-52028 150
-51925 70
-49826 202
-48943 170
-48563 98
-48437 178
-47663 80
-47376 201
-45036 200
-44518 174
-44405 219
-40411 228
-38695 121
-36558 97
-36293 116
-35951 90
-35789 57
-35684 159
-34913 90
-34734 115
-34642 48
-34537 25
-32919 132
-31886 119
-25211 37
-23759 127
-23192 6
-22095 128
-21580 153
-21217 237
-19189 87
-17008 237
-15653 188
-15437 105
-14993 74
-13901 167
-13622 114
-12567 202
-12422 17
-10608 29
-9661 65
-9083 12
-7126 112
-5238 150
-4391 67
-3699 133
-3465 165
-3435 250
-3004 116
-1866 231
-1795 27
-523 116
-397 88
512 88
2734 90
6195 9
6490 124
6577 178
8778 216
9036 202
9222 166
9646 139
9876 157
12818 33
13820 195
14063 166
14202 160
15425 213
15984 52
16816 202
17799 19
20612 147
20767 37
22736 80
24088 104
24249 237
24399 216
26389 200
27030 216
27852 247
28543 245
29077 132
31665 146
32810 104
32874 246
33545 190
33742 219
38078 109
39436 11
40787 210
43537 218
43571 234
44149 173
44463 158
44648 16
45849 151
46844 167
47180 15
48182 79
50201 111
50403 25
50847 190
51323 135
51982 202
52346 236
52546 212
53005 209
53052 91
55711 81
59970 122
60599 151
60804 60
62494 7
62621 82
63752 146
64376 11
65434 241
66076 116
68198 101
69169 75
70997 228
71083 243
71171 184
71368 169
72068 80
75747 64
76706 15
77962 250
78011 150
80939 208
82064 23
82248 66
83773 168
83778 194
84710 248
86140 206
86222 156
87463 115
87519 133
87593 57
88936 129
92104 146
92587 196
93702 16
94073 78
94540 140
95058 190
95737 68
99942 137
188 2
-376 28
-374 55
-361 75
-357 61
-355 45
-354 27
-347 53
-346 71
-345 55
-342 27
-340 25
-333 48
-332 37
-329 70
-327 44
-324 87
-323 96
-321 34
-316 52
-313 52
-310 78
-307 83
-302 38
-301 46
-300 76
-295 44
-293 20
-289 44
-288 41
-287 7
-278 27
-277 73
-273 20
-272 35
-270 43
-269 36
-266 24
-261 47
-260 53
-257 91
-255 42
-251 88
-250 93
-249 46
-247 35
-244 53
-243 70
-240 23
-239 74
-220 70
-207 31
-205 50
-199 35
-198 76
-194 40
-190 67
-188 97
-183 27
-175 25
-174 93
-169 48
-165 27
-164 81
-150 77
-141 93
-121 50
-117 42
-112 47
-110 81
-108 92
-107 62
-105 47
-102 60
-98 73
-95 61
-92 33
-83 52
-76 50
-69 74
-67 40
-65 58
-60 78
-50 29
-47 39
-44 102
-37 53
-32 94
-28 29
-22 71
-11 35
-8 24
-2 79
-1 73
2 15
8 62
12 83
18 70
23 73
24 36
25 49
37 33
40 35
46 70
52 100
54 33
56 73
60 63
66 45
83 54
88 59
91 59
94 58
109 32
111 24
112 97
114 16
117 30
125 46
128 68
130 59
132 36
133 101
134 54
135 33
140 52
143 56
144 87
146 51
147 53
148 51
149 59
154 15
158 33
165 31
166 40
170 40
172 32
176 52
183 55
185 35
190 81
192 64
198 99
203 34
204 46
208 51
210 78
212 53
213 36
220 82
221 95
228 15
234 46
237 24
244 74
249 22
251 23
255 36
257 27
260 50
264 37
265 73
271 49
283 30
284 25
290 45
292 51
294 59
295 55
304 76
316 67
322 41
326 51
333 63
334 69
335 33
340 34
341 73
347 62
348 73
351 47
354 76
358 28
365 43
366 69
367 74
375 29
376 66
8 2
-9 2093
-6 1697
-5 33
1 1195
5 748
6 854
10 921
14 2443
112 5
-548 119
-530 127
-498 35
-494 57
-493 103
-482 61
-470 92
-465 52
-463 117
-446 53
-436 62
-435 50
-420 107
-407 85
-406 53
-384 63
-378 118
-371 89
-359 115
-358 31
-345 78
-341 64
-338 155
-331 144
-330 133
-325 69
-315 140
-311 138
-305 165
-291 81
-286 39
-280 67
-269 111
-253 59
-233 137
-220 137
-211 73
-208 85
-199 87
-181 77
-171 88
-152 96
-148 92
-146 86
-139 56
-132 78
-120 104
-110 105
-104 44
-98 99
-69 76
-19 102
-13 157
20 54
26 91
29 99
33 35
39 47
48 53
50 45
57 93
82 120
83 114
87 36
107 81
125 42
126 32
136 99
159 38
169 105
174 40
177 100
183 50
189 23
190 100
205 159
216 47
249 92
259 35
268 149
276 52
293 152
300 94
307 129
322 98
342 127
346 56
348 154
362 152
370 111
388 164
390 83
396 66
412 95
424 127
425 104
427 130
436 101
437 132
441 89
451 23
455 36
503 80
505 51
523 135
528 118
530 144
533 33
534 66
547 99
549 123
558 54
200 42
-98640 10
-97267 9
-96588 10
-96360 8
-96319 10
-96259 7
-96086 10
-90642 8
-90290 2
-89661 8
-88306 10
-88148 6
-87344 1
-86898 9
-86004 4
-85842 3
-85742 7
-85094 8
-82938 9
-82602 4
-81802 4
-79855 5
-79670 1
-79408 7
-78739 10
-78416 1
-77076 8
-76446 9
-75265 3
-75034 8
-74475 2
-71906 10
-70320 5
-70218 7
-69780 2
-69298 5
-68644 2
-68270 7
-65030 2
-62796 10
-62590 3
-57153 2
-57126 7
-56779 2
-56200 8
-55941 6
-55868 9
-54740 10
-52975 2
-51683 8
-51525 8
-51287 10
-51092 5
-51012 7
-50248 3
-45984 1
-45711 6
-45675 8
-44126 3
-42829 5
-42287 8
-42054 3
-42034 7
-41919 3
-41442 9
-40968 2
-39673 6
-39491 9
-37895 1
-36357 1
-36343 10
-35381 1
-34868 5
-34314 3
-33669 7
-31000 9
-30410 8
-30238 2
-29072 6
-28175 1
-27641 6
-27422 3
-27116 7
-25543 5
-23525 9
-21842 1
-21165 8
-20657 7
-19659 9
-19131 10
-18648 7
-18459 1
-18443 2
-17558 8
-16800 10
-16502 4
-16074 7
-15948 10
-15008 1
-12595 2
-11992 1
-11448 9
-10073 5
-8539 1
-8477 8
-7807 1
-7758 2
-7638 1
-6992 8
-6441 3
-5352 10
-5321 6
-5179 4
-3913 1
-2800 10
-1402 4
-1113 3
2759 1
4901 2
4958 3
6946 7
8295 5
9954 7
10735 3
10798 7
11000 2
11525 3
11899 4
12180 3
13581 1
14800 5
15451 8
17225 10
17588 8
19051 3
21171 10
21454 5
21606 9
24165 3
26343 6
26709 7
32427 6
33636 6
40732 8
40827 4
41409 7
41620 6
43356 9
43958 4
44733 6
46006 9
46985 7
48868 4
51078 6
56096 7
56361 6
59931 1
60340 6
62192 2
62733 8
63188 5
63714 3
64470 10
64556 7
65133 10
67890 1
67917 10
68629 4
68887 4
72518 1
72877 10
75057 8
75223 7
75946 8
76500 8
78738 6
83420 3
86590 4
87582 3
88619 6
89398 5
90118 2
90342 8
91207 9
92123 4
92440 5
92637 6
93783 7
94104 7
94973 5
95003 2
95480 10
97055 9
97086 9
97797 5
98365 5
98890 5
99210 5
99293 1
99749 6
78 5
82866 110
82874 239
82878 195
82881 71
82891 197
82893 88
82900 245
82905 70
82909 153
82917 67
82924 118
82934 242
82938 234
82944 180
82950 87
82959 231
82962 65
82966 127
82971 229
82977 87
82981 123
82983 117
82987 83
82995 140
83003 206
83007 228
83011 60
83017 84
83020 79
83029 116
83031 127
83033 172
83038 129
83042 130
83048 96
83054 201
83064 125
83072 66
83076 146
83077 220
83080 83
83088 98
83096 115
83101 205
83109 68
83118 58
83121 224
83126 148
83127 178
83136 132
83146 115
83151 177
83155 139
83160 57
83169 119
83172 118
83174 158
83183 52
83190 176
83200 58
83201 190
83205 90
83207 121
83211 133
83212 183
83219 63
83229 52
83232 97
83237 144
83240 123
83246 139
83252 45
83259 111
83267 124
83269 32
83277 128
83286 22
83292 30
103 11
-18927 86
-18920 21
-18919 28
-18917 72
-18899 37
-18879 64
-18877 66
-18865 57
-18860 37
-18842 35
-18841 61
-18836 53
-18824 69
-18813 68
-18806 25
-18788 53
-18761 30
-18735 62
-18722 44
-18718 33
-18701 31
-18689 22
-18682 76
-18675 41
-18662 47
-18661 26
-18645 43
-18617 59
-18602 23
-18585 33
-18568 43
-18563 54
-18550 25
-18526 80
-18516 72
-18500 45
-18488 64
-18482 22
-18479 30
-18457 64
-18430 53
-18418 55
-18407 26
-18384 58
-18376 63
-18368 51
-18340 49
-18319 41
-18294 52
-18268 16
-18265 47
-18242 49
-18221 37
-18197 27
-18195 49
-18173 15
-18152 47
-18128 25
-18124 30
-18099 12
-18089 12
-18069 19
-18049 26
70914 194
70930 106
70941 332
70946 323
70961 159
70991 209
70992 232
70999 214
71012 137
71022 288
71049 128
71063 142
71093 137
71123 132
71144 113
71173 156
71176 243
71206 90
71221 169
71228 98
71248 110
71277 296
71298 304
71317 213
71341 178
71342 224
71366 83
71392 268
71413 265
71417 108
71422 298
71431 155
71460 164
71464 236
71468 139
71472 198
71473 161
71500 96
71529 79
71537 36
190 3
-94930 1
-94668 1
-93932 1
-93609 1
-92769 1
-91566 1
-87699 1
-86816 1
-86657 1
-85626 1
-84100 1
-83784 1
-82481 1
-81943 1
-81470 1
-79918 1
-79404 1
-78211 1
-75025 1
-73868 1
-73786 1
-72899 1
-72691 1
-72283 1
-72111 1
-71640 1
-71410 1
-71047 1
-70883 1
-69920 1
-68147 1
-68145 1
-67974 1
-67483 1
-67438 1
-66837 1
-66752 1
-66574 1
-65409 1
-64505 1
-64225 1
-63954 1
-63085 1
-60809 1
-60771 1
-60300 1
-58432 1
-57662 1
-57604 1
-57390 1
-55499 1
-54443 1
-52721 1
-52426 1
-51815 1
-50973 1
-46242 1
-44669 1
-44236 1
-43824 1
-42109 1
-39447 1
-39027 1
-37673 1
-35986 1
-35598 1
-33847 1
-33669 1
-33476 1
-32662 1
-29825 1
-29086 1
-27712 1
-27560 1
-27506 1
-27361 1
-25636 1
-25571 1
-24750 1
-23336 1
-21765 1
-21398 1
-21117 1
-20274 1
-20213 1
-19431 1
-17397 1
-11541 1
-9908 1
-7924 1
-7029 1
-3659 1
-2699 1
-2625 1
-2004 1
61 1
801 1
2074 1
2566 1
3439 1
4791 1
6544 1
11965 1
12090 1
13404 1
13784 1
14102 1
16236 1
16304 1
16931 1
18367 1
20039 1
20172 1
20474 1
22367 1
22386 1
23231 1
25570 1
25887 1
26956 1
28196 1
28350 1
29670 1
32103 1
32328 1
32616 1
33468 1
34338 1
36774 1
36783 1
36855 1
37197 1
38110 1
38228 1
39063 1
39107 1
39335 1
40196 1
40536 1
41103 1
41122 1
42102 1
46150 1
46741 1
49058 1
50320 1
51793 1
52988 1
58563 1
59372 1
59682 1
63741 1
63899 1
65292 1
66271 1
67319 1
67583 1
67706 1
71374 1
71807 1
72984 1
73010 1
73990 1
74780 1
75362 1
76432 1
76555 1
77294 1
78839 1
80471 1
81066 1
81401 1
81418 1
83907 1
85496 1
86278 1
86331 1
87014 1
87566 1
88012 1
89169 1
93093 1
93613 1
93702 1
94034 1
94208 1
94362 1
96358 1
96588 1
100000 1
200 309
-99778 1
-99447 3
-99382 6
-97173 8
-96631 3
-96344 5
-95823 3
-94637 2
-93178 9
-91822 5
-91327 9
-90679 3
-89329 2
-89266 6
-88379 3
-86350 5
-83952 1
-82124 7
-82074 5
-82057 9
-80897 1
-78371 10
-75350 4
-75175 5
-75055 6
-74666 10
-74414 6
-74389 9
-73897 9
-73496 10
-72969 5
-72899 6
-71599 1
-71038 5
-69616 2
-64581 4
-64208 9
-63533 9
-63494 6
-62258 8
-61683 4
-61651 8
-58097 3
-57485 1
-57348 1
-57333 4
-57185 5
-55007 6
-52744 7
-52678 2
-52014 6
-50469 2
-48161 1
-47011 9
-46614 3
-45786 3
-45258 5
-44716 8
-43294 9
-42792 9
-42478 1
-38927 7
-37430 8
-36947 2
-36690 3
-36576 2
-35046 3
-34152 5
-34127 2
-34113 3
-31983 9
-31549 5
-31028 8
-30784 3
-29727 3
-29307 6
-29078 8
-27517 9
-23943 8
-22696 8
-20621 6
-19958 2
-19937 5
-19107 3
-16341 1
-16001 5
-12936 4
-12710 8
-12051 4
-10731 6
-10705 4
-10292 2
-8862 9
-5768 7
-4839 6
-4679 1
-3186 7
-3105 3
-2402 2
-2221 1
-1396 3
-1078 5
941 7
2885 7
4855 5
7488 7
7544 9
9409 10
9550 4
10330 6
10746 1
11079 3
11694 2
13003 2
13130 1
13200 9
13968 9
16644 2
16806 9
17017 7
17910 4
19067 4
19433 7
22329 3
23802 10
24124 2
25266 9
26625 3
28256 9
28484 5
28570 8
29034 4
31981 9
32203 4
34000 5
34048 2
35926 7
36290 4
36767 10
38898 6
40173 7
42320 4
43012 10
43882 8
44408 4
45400 9
46829 6
48105 10
50319 9
51174 4
51406 7
53644 4
54753 2
54793 7
55278 4
55528 5
55699 8
55923 10
56312 7
56389 7
56766 1
59701 2
60098 10
64584 4
64693 8
65527 2
66931 6
67937 8
68290 5
68294 2
71619 7
72069 1
72191 7
72847 4
73758 8
78556 5
80282 8
80756 8
82417 3
83245 5
83254 2
83258 3
83916 6
84146 7
84948 5
85659 9
86038 6
87246 8
89278 2
89954 8
89992 5
90067 1
90547 4
91095 10
92257 2
92631 6
95077 6
96501 3
99134 2
99905 10
67 23
-88004 1
-83650 1
-81373 1
-79097 1
-78573 1
-74499 1
-69728 1
-67359 1
-66126 1
-65205 1
-61372 1
-58343 1
-44859 1
-43073 1
-42512 1
-38026 1
-37995 1
-37087 1
-36023 1
-33688 1
-32167 1
-31449 1
-27257 1
-26231 1
-25204 1
-23914 1
-22907 1
-14384 1
-10805 1
6435 1
7026 1
8666 1
10540 1
11885 1
14020 1
14254 1
15061 1
17034 1
19474 1
27297 1
29194 1
29739 1
30370 1
30411 1
32109 1
32457 1
35681 1
35968 1
39357 1
49355 1
55953 1
57610 1
57846 1
63362 1
68628 1
72811 1
75227 1
77288 1
78721 1
88830 1
88938 1
92543 1
92585 1
94413 1
94581 1
94731 1
96883 1
1 1000000
55385 10000
200 94781
-100000 59
-99702 19
-98900 54
-98569 89
-98002 59
-97801 61
-96706 47
-96058 65
-95774 64
-95140 71
-95075 22
-94244 40
-90683 60
-90203 84
-89537 77
-88530 17
-86267 59
-85176 56
-83481 15
-82355 55
-80224 42
-78793 96
-78603 24
-77368 48
-77095 20
-76795 37
-76028 60
-74591 67
-74433 47
-73725 44
-73416 86
-72771 75
-72442 25
-71927 45
-70391 44
-68987 53
-67158 40
-61993 44
-61888 27
-61158 38
-57550 63
-56422 65
-55946 59
-54501 61
-52961 16
-51995 57
-50395 84
-50006 45
-49675 14
-49346 71
-47255 33
-44790 50
-43482 32
-43460 87
-42427 32
-37569 77
-34360 62
-33594 40
-31308 12
-31181 57
-30923 27
-30608 96
-29419 59
-27910 71
-27760 36
-26986 66
-26272 51
-26263 20
-26119 39
-24032 66
-23607 67
-23491 47
-22498 38
-18104 67
-16218 69
-15506 54
-14933 46
-14040 68
-12622 46
-12293 23
-11873 36
-11592 49
-11107 63
-10159 42
-9805 90
-8913 58
-8912 26
-7914 77
-5072 63
-4527 56
-3385 52
-2335 76
-1235 2
-1173 80
170 30
710 92
1129 82
1973 49
2345 44
2375 62
2984 25
7624 51
7647 74
7752 49
8198 40
8313 51
9129 55
9446 32
10754 60
11332 33
11403 33
12034 31
12611 32
12962 24
14376 24
14527 59
15763 37
15940 44
19170 31
19196 26
19255 43
19830 82
22029 63
22356 43
22373 59
23311 38
24195 32
24598 28
25094 31
25355 49
25409 23
25813 48
27037 36
27663 40
29316 62
30618 43
31274 22
31994 73
32036 39
34271 96
35588 18
36388 56
37653 33
37968 50
39095 89
40139 32
41164 15
41301 68
42019 46
43064 98
44255 22
44630 75
45555 58
48581 84
48710 94
49427 65
49715 50
50573 28
53891 71
54395 57
54515 31
59676 54
60944 68
62279 33
62956 35
66285 46
66459 36
67480 51
68485 28
70339 28
72140 75
73627 75
75860 39
76461 37
78067 47
78345 38
79833 70
79953 68
80811 25
82870 13
83554 31
83890 32
84218 22
85322 43
86724 66
86888 25
86920 21
88323 39
89242 84
89791 84
92500 71
93205 95
93528 69
93732 61
93755 33
98780 27
99066 41
99329 38
99674 50
100000 64
73 30
-99115 1
-97022 1
-91888 1
-90448 1
-84451 1
-84101 1
-82797 1
-80146 1
-79065 1
-78540 1
-74490 1
-73140 1
-73097 1
-72915 1
-72641 1
-68998 1
-64588 1
-63262 1
-60506 1
-57293 1
-53061 1
-51193 1
-44260 1
-38934 1
-36350 1
-36134 1
-34863 1
-34665 1
-33645 1
-30821 1
-28361 1
-26212 1
-25405 1
-21597 1
-18994 1
-16123 1
-12327 1
-9282 1
1094 1
5897 1
9629 1
10167 1
10768 1
12517 1
14576 1
16495 1
16690 1
20263 1
23403 1
25673 1
29290 1
32946 1
42486 1
42759 1
50232 1
51239 1
52883 1
55334 1
55378 1
59870 1
61909 1
62613 1
62995 1
66868 1
67892 1
70032 1
77569 1
78051 1
84921 1
88738 1
94791 1
97699 1
99519 1
200 4
-100000 6737
-98478 5731
-98275 5966
-96481 4828
-96220 5203
-95381 3723
-93943 5890
-90594 1639
-90295 7586
-89248 7908
-88751 3246
-88141 2591
-87202 4143
-85202 7245
-84963 7751
-84877 3202
-83440 3019
-83238 5165
-82602 8377
-80992 4702
-80153 2771
-79346 2794
-78589 3794
-77073 8434
-76973 8365
-75242 7759
-74543 3383
-73937 2798
-73583 5301
-73372 773
-71450 5835
-70025 6525
-68757 6921
-68727 6029
-68610 5363
-67707 4032
-67298 2145
-67166 5159
-66686 5709
-66683 8812
-66253 6433
-64454 3481
-63963 6462
-63346 8731
-62623 7367
-61793 4133
-61539 4600
-60361 1961
-59702 4667
-59203 5082
-58349 6118
-57652 4371
-55839 8344
-55384 3266
-54468 7033
-53382 6880
-53337 4836
-53089 3650
-51066 4305
-47661 5782
-47031 5701
-46790 1349
-45109 5966
-44700 2866
-42908 1881
-39606 7365
-36549 3947
-36540 5093
-35925 2976
-35919 6701
-35048 2464
-33060 7114
-32444 8132
-29528 6071
-29268 5912
-28871 3537
-27144 6676
-27117 4858
-26504 2929
-24564 7723
-24448 2694
-22659 3965
-22185 3458
-21896 7998
-20149 4836
-19766 5740
-17145 7218
-15596 6733
-13511 5463
-13118 2746
-12558 5469
-12329 7028
-10482 5438
-9818 8392
-9314 5252
-6043 1344
-5250 6895
-5140 8295
-4705 4999
-3802 2907
-1706 4732
5966 5187
6274 7977
7412 2243
8458 3414
9295 2363
10510 5628
10726 7377
10923 3581
11253 3555
11943 6419
13135 167
14655 2067
15884 5639
16541 4439
17552 8376
18593 8237
18935 2335
19472 8110
19519 9697
21363 5224
21884 4010
22447 2621
22481 6985
22911 4267
23109 2536
23365 8385
23834 8224
25465 7182
28758 5282
29877 3441
30413 4100
31188 6118
32085 5068
32216 5718
33945 4091
33949 5475
36646 2934
36894 1959
37934 8392
38874 3260
39272 2913
39287 4875
39794 2681
39801 9189
40831 3521
42905 3445
44754 2737
44955 6218
45822 3594
46408 5468
47394 2289
47551 3122
47840 2557
47856 6314
48032 3224
48355 8743
48467 7167
51388 5895
54000 3376
55175 3041
56480 3070
57946 3895
58997 4768
60082 3190
60252 2373
60424 3048
61719 4620
63088 4336
63340 2005
63781 7599
64502 3892
65596 1828
66378 8178
67832 1834
69045 4779
69458 6487
71033 7079
71618 1368
71945 4134
72387 7553
75150 6205
75304 9190
76271 6842
76440 5436
77300 3377
79585 3342
81218 6922
81600 2160
83444 5453
83911 4772
86843 2859
88655 4286
91204 5780
95117 2361
95298 7526
95383 2627
97710 5889
99089 5408
100000 5358
1 882627
-21368 824430
181 6
-57014 80
-56995 72
-56984 87
-56955 211
-56932 155
-56915 111
-56903 190
-56881 71
-56880 59
-56872 224
-56860 192
-56838 86
-56824 123
-56810 70
-56793 59
-56779 108
-56776 210
-56768 114
-56741 152
-56734 69
-56713 95
-56700 206
-56697 72
-56688 139
-56684 221
-56658 156
-56635 179
-56616 216
-56608 55
-56592 165
-56582 180
-56553 125
-56546 122
-56530 125
-56527 163
-56514 57
-56507 87
-56498 170
-56468 185
-56464 145
-56446 130
-56444 53
-56423 85
-56394 161
-56388 58
-56367 116
-56340 58
-56321 111
-56312 138
-56307 181
-56297 52
-56278 76
-56266 66
-56250 99
-56230 123
-56202 173
-56201 166
-56193 74
-56190 104
-56179 125
-56167 89
-56153 176
-56126 138
-56116 145
-56096 54
-56066 151
-56044 77
-56038 89
-56009 65
-55981 40
-55957 48
-55940 48
-55924 138
-55895 118
-55881 72
-55864 26
20859 6
20875 11
20883 9
20900 15
20922 11
20931 7
20957 16
20965 14
20991 8
21003 19
21025 19
21052 14
21065 10
21073 11
21077 7
21081 11
21089 14
21099 6
21104 18
21129 13
21134 8
21135 7
21143 13
21159 12
21164 12
21170 18
21186 13
21211 8
21237 6
21245 5
21263 8
21274 12
21296 10
21319 17
21328 5
21342 12
21353 7
21365 13
21378 15
21405 6
21420 5
21434 11
21459 19
21471 15
21473 14
21476 15
21489 9
21517 7
21543 9
21565 14
21594 15
21602 9
21612 14
21615 13
21645 8
21646 7
21668 9
21696 17
21724 6
21744 8
21755 11
21757 14
21776 5
21787 11
21799 9
21800 7
21820 7
21823 12
21834 17
21838 13
21856 4
21871 5
21895 4
21904 16
21908 6
21920 10
21932 8
21945 13
21949 15
21977 14
21993 11
22010 7
22030 13
22055 12
22063 4
22064 10
22080 3
22107 10
22118 13
22140 7
22143 5
22147 8
22155 11
22182 5
22190 8
22208 7
22214 6
22233 9
22247 6
22255 3
22279 12
22288 6
22316 8
22319 5
22328 1
111 2
-88448 16239
-88447 10140
-88445 6859
-88444 10582
-88436 15737
-88434 4760
-88430 14718
-88420 6231
-88411 7702
-88404 14200
-88401 16994
-88400 17154
-88399 16625
-88395 14811
-88385 9916
-88375 12499
-88373 9720
-88368 10897
-88367 8630
-88361 11250
-88355 12785
-88353 13997
-88348 11988
-88340 7952
-88332 4163
-88328 16031
-88325 8412
-88320 12105
-88310 4998
-88306 13746
-88302 4557
-88292 6214
-88287 14223
-88277 8064
-88267 9780
-88261 13630
-88257 8400
-88256 12791
-88253 14493
-88250 6838
-88249 10692
-88248 4897
-88246 12325
-88236 15149
-88229 14075
-88227 7298
-88221 13440
-88211 9044
-88202 8216
-88194 5977
-88188 5721
-88180 3823
-88178 11973
-88171 12234
-88164 7420
-88159 7847
-88152 11573
-88149 14321
-88144 10710
-88143 6005
-88136 4258
-88131 12794
-88123 10906
-88118 6078
-88115 8557
-88107 8161
-88101 5159
-88092 7225
-88086 4545
-88083 11331
-88077 5954
-88067 4863
-88060 13802
-88058 5172
-88052 8394
-88049 10452
-88039 13348
-88032 7091
-88029 5008
-88022 7342
-88018 3839
-88011 5716
-88010 4440
-88001 11305
-87999 6336
-87989 7549
-87985 9472
-87984 5661
-87981 8370
-87979 5792
-87971 12257
-87969 9577
-87965 8269
-87959 10758
-87958 9959
-87955 7471
-87950 5004
-87944 3842
-87941 10812
-87938 8847
-87928 2692
-87924 4464
-87922 7800
-87919 4964
-87909 3973
-87904 5467
-87903 3344
-87898 8796
-87890 4326
-87889 3421
-87886 1323
1 1000000
64582 1000000
28 4
-106 380
-86 493
-85 437
-84 365
-82 305
-81 307
-79 504
-75 497
-57 307
-53 534
-40 512
-34 442
-31 183
-12 364
4 442
6 82
9 423
13 192
24 507
27 289
52 374
53 635
54 288
60 67
68 167
74 410
76 274
97 208
200 53
-98431 12
-97741 13
-97657 39
-97608 19
-96913 46
-94579 20
-93579 47
-93017 16
-92431 17
-92217 30
-90733 10
-90614 48
-89949 2
-88309 39
-88045 23
-87788 3
-86935 33
-84453 31
-84025 14
-83428 33
-82019 47
-81269 46
-80612 24
-80127 8
-79874 36
-79797 11
-78815 37
-78559 47
-78423 25
-78056 44
-78021 17
-77939 35
-75903 14
-75398 22
-75198 15
-73617 39
-73169 8
-72870 6
-72388 45
-70241 23
-68772 1
-68046 27
-64820 46
-64053 28
-63287 11
-62326 21
-61782 24
-61707 26
-60627 23
-60580 17
-60319 6
-58012 1
-57716 43
-56624 48
-56247 20
-55500 21
-53071 8
-52593 10
-51991 21
-49161 26
-47479 15
-47128 10
-45844 6
-44419 26
-43865 34
-42527 18
-39854 50
-39424 6
-38201 26
-36861 34
-36699 27
-36484 19
-35090 3
-34342 40
-32975 20
-30175 8
-28836 15
-28480 23
-27273 3
-25213 2
-23951 43
-22803 29
-22447 42
-22335 36
-22089 39
-21624 16
-21335 23
-21028 1
-19763 17
-18951 1
-17845 9
-16210 23
-15621 26
-14509 48
-14490 44
-13871 17
-13838 22
-13326 29
-12950 33
-10922 32
-10037 35
-8217 39
-7254 35
-5021 35
-3382 33
-2678 40
1991 45
2362 18
3116 8
3613 49
3865 18
4925 40
5031 15
5231 4
6163 35
6363 21
7065 37
7084 28
8587 2
11130 26
12883 49
15744 27
16876 27
16994 14
18438 15
18517 39
19832 30
19853 22
19991 47
22454 45
23424 15
24636 1
24904 26
25371 27
25510 44
26684 13
27716 19
28122 37
29113 37
29235 34
29882 15
31178 34
31251 50
31406 44
31487 36
32043 28
32464 2
32471 5
34440 12
36016 9
37316 37
41981 1
42659 12
43477 4
43662 41
46708 2
48296 9
48662 5
49746 45
51787 8
54066 35
54998 34
58005 17
58646 19
59555 23
61620 35
62036 48
63100 15
63980 24
66596 12
66833 7
67758 22
68445 3
70477 27
70975 27
71231 29
73282 22
77638 1
77767 3
79422 21
79906 48
81930 35
83284 42
86512 7
87559 22
87974 32
88042 34
88349 47
88810 33
91685 34
91865 10
93287 22
95929 25
96428 23
96902 44
96994 4
97750 48
98690 39
99028 42
99741 7
200 10
-99187 36
-99079 36
-98910 37
-98648 31
-97788 18
-97717 36
-95552 43
-95255 26
-93336 5
-92611 3
-92567 50
-91993 42
-91864 18
-91711 21
-90998 37
-90365 8
-89778 14
-89677 38
-88124 30
-87696 31
-85477 33
-84519 28
-83851 28
-83586 14
-83075 27
-82115 36
-79925 44
-76930 32
-76649 27
-73965 40
-72842 38
-72831 36
-72661 42
-71724 5
-70440 43
-69677 18
-69143 3
-68013 4
-65225 1
-64491 14
-64284 37
-64126 8
-62968 27
-60465 41
-60237 43
-57903 19
-57500 29
-57192 35
-56764 31
-55147 43
-54112 27
-54000 50
-51130 8
-49662 11
-48882 22
-47942 39
-47898 24
-47798 39
-46507 37
-42523 6
-42333 14
-41418 13
-39654 30
-39287 14
-38115 41
-37727 33
-35434 17
-34165 48
-34020 37
-33105 35
-32955 36
-31263 19
-30749 21
-30748 13
-30252 39
-28969 40
-28253 44
-27867 45
-27451 2
-25661 35
-24561 15
-23729 10
-23202 3
-22680 8
-22467 20
-19325 3
-18293 16
-13839 18
-12767 31
-10261 47
-10141 3
-9567 22
-9482 41
-9439 21
-9345 28
-8975 37
-6748 27
-5256 27
-4515 7
-3019 23
-2437 28
-1453 37
497 48
1880 33
4512 38
5494 48
6245 16
6314 38
6322 39
6659 49
6738 16
7034 13
7415 32
7738 23
10236 27
11135 18
11424 22
11714 1
12251 10
12990 49
14035 15
14806 39
15027 17
15355 39
16517 37
16869 26
17285 25
18508 47
19868 29
20086 48
23554 18
24728 12
26912 23
27880 10
30287 48
31811 33
32469 5
36980 45
37400 2
37825 29
38981 23
39239 43
40494 42
41393 5
48097 10
48929 28
51712 21
51866 18
53292 3
55825 29
56044 36
56223 16
58300 35
59125 15
59131 47
62922 25
63219 49
63590 16
63828 8
66062 13
66105 25
66432 46
67909 31
67994 41
68757 44
69236 34
70554 32
71268 24
72439 11
72774 4
72936 33
76214 25
76301 47
76671 25
76912 15
77749 24
79895 29
82809 37
83698 37
84144 43
84161 47
84702 15
84939 27
84956 48
85045 30
85310 45
85904 32
86441 45
86804 13
89841 33
92444 9
92668 19
94019 28
95538 50
96670 33
97892 47
98850 24
99026 11
99440 1
99839 39
200 52
-98486 33
-96042 11
-96034 32
-94665 41
-92974 7
-92742 29
-89858 42
-89158 37
-89058 4
-88795 32
-88013 45
-87918 48
-87770 5
-86526 21
-85364 44
-85301 20
-84954 49
-83492 2
-82743 28
-81727 17
-79584 17
-79269 41
-79160 36
-78307 1
-78018 10
-76622 27
-75610 27
-75550 24
-74002 33
-73588 25
-71977 45
-71112 4
-70500 26
-68093 26
-67086 50
-65959 40
-65719 37
-64750 25
-63104 9
-63073 13
-59286 10
-58324 24
-56982 14
-56468 18
-55815 45
-55115 24
-54680 38
-54439 35
-54270 35
-53942 19
-53154 2
-52550 3
-50815 40
-49223 11
-49177 3
-48257 20
-48115 12
-47241 49
-47030 44
-46006 23
-44764 10
-43405 30
-42897 26
-42768 13
-41747 25
-39683 47
-38667 40
-38107 17
-38017 27
-37676 32
-37644 1
-37125 44
-36825 46
-35525 41
-35444 10
-35278 30
-34937 13
-33605 19
-32503 26
-32454 2
-31608 13
-30475 32
-28918 49
-24129 37
-23401 25
-23143 8
-21592 21
-21427 43
-17834 45
-17272 6
-16532 50
-14374 24
-12102 49
-10752 3
-9733 24
-8837 29
-8262 4
-5287 42
-2921 8
-490 32
1035 48
1150 11
2494 44
2765 35
2996 37
3289 44
5100 28
5784 1
9157 11
9898 3
10673 10
11397 22
11569 41
13130 22
13930 45
14941 33
15288 45
15391 11
15753 47
16069 31
18946 36
20660 24
20718 43
22137 42
23427 28
24014 40
24111 24
24437 4
25801 28
27196 15
27402 31
27991 13
28646 42
29191 18
29990 19
31583 26
31633 23
33012 20
34431 24
37444 23
37693 6
40218 41
41186 26
41522 47
41660 23
42210 24
42834 8
43150 31
44213 12
44680 42
45026 47
45944 35
46962 17
48049 40
49990 16
50031 42
50871 27
51443 2
51660 30
53287 7
53603 8
53987 8
56411 20
56539 19
56805 37
57705 11
58437 28
61452 5
63089 1
63630 33
64206 8
64228 39
66311 7
66605 41
67235 39
67835 41
68286 29
69024 16
69350 39
69773 32
71027 45
72377 11
72423 41
73177 15
76144 11
79767 12
79962 22
81067 9
81696 44
88663 16
88755 47
90200 30
90860 7
91296 28
92148 32
92246 21
92741 4
93193 49
93235 50
98886 40
200 101
-99947 3
-98728 8
-98376 5
-96661 1
-96060 9
-94525 5
-93625 3
-93268 5
-91373 4
-90422 1
-89044 3
-88220 2
-87993 2
-82381 3
-82378 3
-81962 2
-80773 5
-80435 2
-78925 1
-77922 2
-75617 4
-74450 10
-73604 9
-73351 1
-72982 6
-72554 10
-72490 5
-71550 9
-69240 3
-67881 2
-67619 8
-67385 4
-67334 6
-67246 6
-67244 6
-66594 10
-65013 3
-64439 2
-64273 4
-63827 4
-62523 7
-60700 10
-60342 8
-56836 6
-56663 1
-56258 8
-56220 7
-55447 6
-55259 8
-54122 2
-53731 9
-52549 7
-52125 2
-51561 4
-51059 1
-50437 10
-48205 4
-46444 9
-45432 1
-44973 4
-44816 6
-44007 6
-43798 6
-38012 5
-34290 4
-34209 1
-34007 1
-33424 7
-33280 6
-33258 10
-30930 9
-30617 5
-30474 2
-29026 6
-28854 1
-28381 5
-27623 5
-27292 9
-24358 3
-23590 8
-22995 3
-18971 2
-18147 4
-16648 6
-16481 7
-16241 6
-14168 8
-12429 10
-11599 7
-5174 3
-4889 7
-4422 5
-3977 1
-2590 4
-2583 10
-1485 2
-1064 10
-701 7
4891 10
5959 3
6039 4
8110 5
9032 10
9396 4
9512 1
10717 4
14382 4
15222 3
15411 5
17183 8
18064 10
19458 8
20287 4
21934 1
22024 1
25079 4
25546 2
25635 8
26171 6
26402 10
28720 8
29003 8
30381 5
30527 7
30730 9
31563 5
31637 8
32479 6
33029 8
34219 8
34844 2
35037 5
35557 3
38987 10
39018 5
39462 6
39612 6
39705 6
39964 6
41324 3
41359 8
41905 1
42093 9
44858 10
45386 5
48939 6
49630 4
50483 3
50656 6
51708 7
51982 2
52870 5
54386 9
54417 2
55802 3
57998 8
58655 3
59419 9
60666 8
62204 8
63070 7
63717 4
65093 5
65892 7
65996 9
66414 2
67998 7
68660 4
68725 7
68903 2
69143 2
71525 4
71926 9
73368 6
73997 10
75695 3
77320 10
77805 9
78017 4
78190 6
78935 1
79649 8
80440 7
82634 5
82846 7
83566 8
86846 6
87533 6
87669 3
88634 3
90142 7
90774 1
90795 2
91918 2
92020 7
92603 1
93980 9
94183 6
99308 1
99468 4
194 162290
13389 63
13397 93
13404 55
13412 41
13415 46
13417 73
13421 65
13424 65
13430 42
13433 47
13437 75
13445 84
13447 88
13453 75
13458 95
13467 94
13468 85
13470 96
13480 67
13489 50
13490 43
13498 62
13508 65
13511 90
13514 60
13521 94
13522 25
13527 57
13529 63
13538 73
13546 26
13555 61
13559 70
13565 72
13569 95
13577 96
13584 57
13594 37
13603 95
13607 80
13617 54
13624 78
13632 26
13637 41
13640 58
13649 79
13651 72
13661 77
13662 86
13664 36
13667 92
13677 72
13684 52
13691 56
13695 62
13701 26
13703 26
13709 90
13715 43
13725 61
13732 68
13742 23
13748 34
13756 28
13763 70
13765 80
13775 39
13785 55
13790 61
13793 85
13800 41
13802 55
13804 64
13811 80
13812 36
13821 70
13828 88
13835 65
13844 73
13854 39
13861 82
13869 76
13875 22
13879 76
13882 81
13892 37
13895 56
13904 29
13906 43
13913 58
13917 79
13918 69
13925 69
13928 26
13933 50
13937 67
13943 46
13951 46
13960 68
13963 75
13969 42
13973 56
13981 20
13990 46
13998 78
14001 34
14003 59
14005 70
14008 25
14012 45
14013 37
14022 56
14023 57
14033 28
14042 63
14045 65
14054 74
14063 50
14073 18
14077 53
14082 75
14084 62
14094 66
14099 22
14100 20
14101 25
14110 55
14118 63
14128 51
14129 57
14133 27
14141 36
14143 45
14152 25
14158 46
14160 70
14162 64
14172 49
14179 34
14186 53
14193 25
14203 39
14204 43
14210 66
14211 47
14214 31
14218 64
14227 23
14229 26
14231 27
14233 34
14235 37
14242 44
14250 18
14257 41
14260 44
14265 63
14275 23
14280 58
14288 23
14295 45
14305 27
14312 18
14321 26
14327 16
14334 53
14339 16
14341 37
14350 16
14357 58
14364 51
14374 39
14380 53
14388 17
14393 32
14400 46
14401 28
14404 34
14410 20
14415 32
14420 45
14421 55
14422 29
14427 45
14432 12
14439 45
14442 33
14445 33
14451 26
14461 23
14462 25
14465 20
14468 16
14478 10
23 3
-83448 361
-82689 530
-80393 286
-73749 605
-65811 778
-64586 214
-45810 436
-44369 376
-43668 596
-40437 36
-15020 144
-7385 271
-4447 233
1153 634
14864 674
24044 215
46799 649
53463 647
58547 480
66965 722
67884 205
93478 623
94442 265
1 634954
36746 7365
200 1000000
-100000 52
-99490 85
-99318 47
-99244 51
-99056 56
-98688 36
-97347 68
-93472 23
-92449 53
-91878 17
-91128 33
-89162 21
-88031 56
-86429 52
-83898 37
-83374 58
-81743 29
-81678 77
-80830 30
-80703 21
-80688 50
-78430 70
-78407 49
-78119 64
-77016 32
-76817 19
-75443 76
-75095 34
-74643 63
-72496 56
-71634 71
-71509 21
-70764 64
-70385 30
-69827 63
-69108 78
-68646 67
-68540 94
-65813 74
-65205 45
-65192 55
-64610 64
-64304 69
-64080 54
-63714 64
-63383 83
-62658 71
-60455 49
-60211 81
-59764 28
-58013 38
-57861 40
-55309 44
-53155 40
-52828 39
-52663 56
-52643 23
-51400 73
-48937 18
-46466 36
-45444 61
-43882 53
-41667 86
-40710 77
-40196 59
-39349 88
-38828 36
-37247 69
-37110 20
-35846 57
-34469 78
-33307 28
-31761 64
-30013 23
-29937 24
-29626 34
-29388 57
-29004 61
-28512 62
-26649 77
-26168 16
-24092 31
-23946 39
-23031 74
-22219 26
-21915 87
-20796 69
-19466 59
-18365 54
-16967 91
-14277 64
-14199 68
-13689 44
-12856 18
-10826 77
-8630 53
-8386 33
-7787 60
-5168 49
-5132 54
-4930 23
-3094 49
-2222 19
-730 80
-308 78
364 83
910 48
1184 56
2127 24
3614 26
3785 75
5238 31
5792 24
7598 79
9647 55
14123 28
17646 52
17673 58
20561 44
24716 33
24915 20
25954 75
26203 25
26388 46
27915 52
28111 63
29611 57
30753 23
31741 17
32062 52
34598 76
35069 26
36456 78
36659 60
36871 21
37211 47
37333 21
38503 32
39137 33
40311 29
41516 23
42837 29
42858 61
44011 19
45215 32
46428 55
47191 44
48880 95
49762 32
51324 78
52830 54
53305 38
53831 38
54102 27
55326 46
55787 27
56572 30
56841 82
57105 32
57346 54
57395 17
58825 22
59962 39
61708 22
62194 61
64414 22
65648 67
65657 29
66673 49
71268 86
72115 56
72866 41
74902 79
75158 52
76197 82
76328 44
76615 54
77180 26
78928 44
80904 18
81662 68
83893 98
84412 61
84498 90
84499 56
85455 61
86426 25
87941 61
88898 61
89923 78
91228 30
91651 57
91757 60
93487 26
93930 55
96001 25
96986 54
99317 58
99791 66
100000 59
