100
6 6 2 3
1 7 5
100 1 5 3
1 50 7
0 1 255 3
255 115 198
1 0 1 3
171 251 205
1 0 0 3
1 3 2
1 0 0 3
13 12 13
255 0 0 2
100 200
255 0 0 3
111 220 125
255 0 0 3
0 169 255
255 255 255 3
255 0 255
2 2 254 3
255 0 255
255 255 0 1
13
255 64 40 2
114 107
136 36 31 3
28 79 21
149 0 0 3
176 127 47
158 44 43 3
61 0 152
195 11 16 2
109 57
38 2 1 2
75 107
30 54 29 2
16 34
146 72 51 2
15 33
255 140 100 2
125 140
255 11 16 2
201 8
255 0 1 3
1 36 124
168 59 103 2
131 10
255 210 118 2
15 195
234 49 70 3
160 48 24
54 36 21 2
0 1
49 7 5 3
14 14 2
110 14 20 3
32 88 75
21 8 4 3
18 24 13
55 12 6 3
21 13 13
255 41 52 2
85 152
199 23 27 3
32 72 58
255 15 9 3
159 36 122
37 28 19 3
39 21 108
175 1 2 2
38 57
217 7 12 2
88 129
160 16 16 3
106 31 61
66 6 12 3
115 182 12
125 9 6 3
96 2 44
133 46 24 3
133 205 216
7 2 5 2
21 19
32 4 6 3
16 13 5
255 56 32 2
6 75
143 14 11 2
57 36
128 0 0 3
119 21 88
156 72 66 2
34 0
106 131 76 2
91 49
255 6 10 3
64 14 54
102 14 11 3
3 12 47
150 38 41 2
167 197
108 0 1 2
116 14
124 47 35 3
44 8 24
232 2 3 2
36 62
70 0 1 2
118 86
187 84 50 3
32 18 102
129 5 10 3
57 69 30
50 4 2 3
27 19 5
185 52 37 2
159 110
255 58 30 2
109 104
255 11 6 3
157 141 87
123 88 83 2
107 95
176 53 45 3
157 91 4
47 0 1 2
8 24
106 30 42 3
161 167 1
44 61 36 2
42 4
143 60 106 3
136 87 132
64 1 1 2
43 42
255 59 36 3
6 178 168
94 14 11 3
21 1 10
255 32 23 2
20 174
46 1 1 3
13 25 5
71 0 0 2
30 24
77 0 0 2
51 4
242 4 4 2
182 42
185 13 25 2
97 14
255 28 20 3
32 26 143
92 18 15 2
74 15
255 22 13 2
170 61
123 35 30 2
10 11
63 196 129 3
116 75 141
118 9 8 2
6 55
156 40 63 3
223 102 149
122 170 116 2
89 49
255 118 114 3
70 217 100
47 0 0 3
23 20 31
155 30 29 3
31 87 68
51 0 0 2
78 49
110 28 35 3
4 92 149
79 59 37 2
25 7
72 62 55 2
3 47
99 21 11 3
23 91 2
214 146 105 2
49 165
95 39 24 3
52 17 43
16 36 22 2
20 13
116 33 36 3
96 61 86
57 3 5 2
10 9
255 34 18 3
182 82 229
88 2 3 2
6 41
33 0 0 2
19 35
