100
100 1
10
34 3
5 6 7
34 4
1 1 10 10
36 37
389 389 389 389 389 389 389 389 389 389 389 389 389 389 389 389 389 389 389 389 389 389 389 389 389 389 389 389 389 389 389 389 389 389 389 1000000000000 999999999999
1000000000000 1
1000000000000
1000000000000 2
1000000000000 999999999999
1 1
1
35 4
1000000000000 1000000000000 1 1
300005 7
1000000 1000000 1000000 1000000 1000000 9999 9998
800867831569 3
39124046840 22295210991 20650696667
893234616110 3
31559310034 23892261684 8169920341
865642418672 4
45348294010 37723884454 24284029426 7260183188
852637880049 4
32307755403 23819157998 20493013401 10664297611
537711391112 4
34116014578 29625964821 14209038011 309321048
365576716170 5
49959073763 38782401652 38115014662 32459887516 10455845427
706016778931 5
47883487376 37236499439 36376452190 21388436255 10101764451
925855862971 5
46894316854 27509451549 18218915466 17154536814 1601488964
864674043795 6
48201626555 43291371823 36481334124 25970475408 23676907678 599239157
884624548704 6
33552967240 31016007431 26175135279 13452933622 9959514130 4084426908
936393692059 6
49210935766 45290009306 40235589344 29608782417 28343788454 14008785080
886667003425 7
44405011051 36950250759 32724373926 27995981516 26942157819 25245871878 4582533359
758913949170 7
46951432388 41181025448 32541867807 23019570352 21369506171 8931248355 447809367
639814549673 7
44488885890 32888288707 19133791982 5237583014 4555860469 833373369 753619532
672018327438 8
38653852996 37435520603 21321299681 20082310812 16033155470 8432170910 6812253719 1545970805
932304469551 8
31729237444 30075084412 29817623628 24465690688 16389231506 14068353607 13822613025 12748844975
974015610151 8
45554617478 37423301659 33405873897 33188693975 30205004068 24477971479 16877417659 2837139401
990954106915 9
47425142543 42868892584 32470489645 31439274586 28549248233 22170671661 17189353501 12448077998 1245915036
979903439724 9
43826646091 42227589734 30878060778 26500779072 19791945694 9156948477 8448194625 5641108439 411650421
938913754526 9
49772850397 39295967048 29666107583 23879389390 15364740686 13633046094 11829025837 4572333536 455367753
539620801592 10
34854834025 19334056971 17651026667 16829445010 12570231087 9732607037 8871181645 6976511742 4730706559 803422006
976251656524 10
44576243655 39486599194 33576351237 32812654244 32302131755 30708866332 27137441283 24501894871 15959613900 1921683149
844971121160 10
44897523672 40194478196 36517779195 29899230221 29180336486 25305897295 24032166777 22975121696 22898652872 17311301007
979264342074 11
49391482390 42943561441 40195461810 35115819976 32503737336 24295941232 17306528127 9377753622 8837733963 7026970337 6203364624
836471878498 11
49829438890 48000401413 47224574835 44596152382 37087406234 36855416770 35909262586 30175967468 27572308465 15422650436 3453553296
915341023606 11
45713956346 39074843874 36835498634 31343614932 29658832897 26426322906 21677062260 12592562448 12459029954 12337900191 3846558494
966528708653 12
49744510318 49248058518 41754748848 36781568711 36367560522 34500109430 34129188806 26936296361 24887608003 12341234755 6599974752 2053687310
908293203314 12
44962015864 43055116436 41526139016 39216699795 38073236894 32012494002 24054933779 23968571579 16791420033 13727084294 12841715383 9163749558
951019139901 12
41884086882 39216221435 38755923258 36221856591 35422926454 33226623510 26027626472 24378470820 12359206957 8173452756 5540528435 4899877491
998955415821 13
47854879376 42269490020 40907302110 38674702343 38581205598 36530399753 36440995068 34255655113 27467274998 13074225468 11587589217 8226041381 3418945716
975999203865 13
48331474385 44543555518 44422732350 39635249910 35748559496 33346763623 28892398330 28434141813 22224194227 20300085467 16340978192 9903439889 8512698466
688952406106 13
48026626499 47350168760 38279201703 35662924329 26482521948 26435041899 24314417284 23649190589 19208115936 18541781173 16262474254 15145953358 14931321737
537819878220 14
40642239218 34186986499 30029812142 26285845996 19786403529 19659032467 15114003868 15100913366 12068837244 11439441077 8742266961 7304992380 4180944331 1734603014
510599083816 14
41089238961 36470934904 29313009157 27530354386 18867344227 17658394251 17206171215 14249960084 14229631738 11285498031 10584038764 4900370964 1994660784 1047205617
901230377426 14
39065631756 37757073519 35772219811 33924640115 32842776129 24238767937 23903030427 22895246483 21112393255 16160139166 14993166815 10791125427 9715331531 5929257661
936642268244 15
45427951171 38942795627 38177007599 35954248617 34473032336 33181208822 25748811046 23485787015 23047804647 19157715375 16999854549 15242783825 5848406393 3494839924 287554912
724427207581 15
46072913146 42802139941 32973445308 32500540069 28717399306 27575663046 27289060615 26670310221 24872087363 24412426569 20940548446 18117839238 16391258059 5597145255 2663231399
990493672645 15
49295356675 45759328263 45565367316 43765092401 43519237764 42340152768 41758101146 38597290239 38365719785 33047653055 24560466425 15374210118 14894927072 9084180397 6850484781
999936847062 16
48723469499 47095527933 45041098789 40108847847 38781786242 37982239536 37223497144 31323333319 25906003266 23174750568 22504358860 15812318025 6205772599 5691317272 4952453002 4718774499
722689449868 16
47995540332 47778822144 47185215719 36984974961 30189252811 28726150235 22881862376 22264434607 21529938350 18578265432 17224337582 16209461439 15822479363 14730444218 11160221948 7419762102
978459206852 16
40278796770 39893101951 39723686361 39462495684 37684944748 36753103553 31524786786 27663394617 27119287375 19612521609 16773335104 14409565716 8680064771 8397731604 4326501615 2379814094
851190824243 17
48838336569 47133922911 39859174023 35995583258 32676959812 31531717502 29353590974 28130560728 18453015404 13258346261 9466163432 9324273617 8567330960 4980406550 3996989753 548979686 212760954
957343834192 17
45657091462 45468734500 43888552240 37921504828 37839606786 37037337595 34208113079 32034929301 31593274088 26945739716 17298952130 12248780778 11101615696 9019079427 7125379724 7023285148 2214482166
546616863738 17
48076634256 46929863910 46214014030 45184461916 31241650243 21661301127 20556770003 17365427361 16161029260 12515477708 12119261359 11198076329 9135344333 8043268084 7912898000 6733742964 3142175798
992603031087 18
49599375252 49276468628 48871376096 47917998134 47328585385 42674871679 41689764783 41451112374 38753045119 34749195128 34483607318 30946036355 23395324668 21532291072 19353857496 10434355400 5331113475 2151741360
705300901272 18
49298578201 47940550370 45065514094 40360017729 32684130058 31609411626 31288022853 30784390800 30574396845 30133519468 26105029612 25792431905 25287857138 23596682240 16738845669 15583998569 14595241876 4110442159
672406353748 18
49690147512 45649149477 41354397752 38215722120 34383934880 27490266902 25699611040 21056042579 17652718516 17326487183 13299505492 9999365517 5621250037 5142560651 4737028169 2150192484 1196689785 400137039
987300007768 19
49391742467 47894302588 46261901041 43840324364 43583764774 43149549265 41430247181 40535927356 39815336732 32552526771 31740488648 26181790993 24024628050 19708492408 13812193970 13077233812 8697214181 3255693279 2205881462
798041455942 19
49813250645 43126048966 42144468095 34368496631 34188375265 33840135471 33665952310 31655778682 28943871385 25311356601 25136722541 24186081189 24003366103 17705346633 11201312473 10186871878 5388262648 4589398619 3628744606
911287744123 19
43990150191 42204781238 40775135143 40435684639 38893737547 37749995516 35263895194 28294360845 24642622026 16581110885 15926646745 14879551397 10512533925 10007615516 6258413961 5393569759 5332558334 4632750735 4167377569
483829832113 20
49802508031 36842702308 35807837393 34694719275 29120819967 25818543202 20638892130 19808410673 18757365242 18672674898 13823219920 13049321915 12570044463 11966121206 10148231373 9095368305 4180520386 2280265736 983743270 1644400
781597486946 20
46564057230 46490956195 43415318137 36729778077 36667549242 33835100155 33083368835 30788461293 26416082286 25618982886 24139013413 23275156938 21219635217 14988198228 13493768871 9840043268 8185528889 7416401286 2792870880 2729434649
842239935703 20
49074116529 46803037202 46274586518 43588141757 40946570007 37652830580 35063037065 33261331351 22938743345 20198810887 20090689239 19781768854 16985052799 15153481862 14934467711 14404129693 12738110638 12319318940 5275346099 1569924829
779428652656 21
48597067693 46343583732 45842744869 40538189818 39640531732 34382213775 32802377342 31904998957 25677722385 23044443079 20005246350 16222472547 14668948205 13753572821 13627145549 11988986645 10489445420 9034159165 6039422785 5621431308 2564672388
483657334220 21
49657062980 48197435052 40281320169 34518491103 33377914160 31541457098 21389104634 20997875122 19511652715 19113760795 17065619926 16204108652 11347592614 11172132636 10563720720 7898440554 4905590103 2966156751 2170677290 1580342670 781248892
833217659105 21
45619232578 44271348196 43519029574 38847743844 38269818987 37835241086 37258101444 35597074852 35215782690 34447573687 21543139413 19695867270 18446147861 13749517054 11919266175 9743848647 9577596349 9193728742 7698744143 3970905766 3895393806
818109653616 22
48289391264 46750913595 46085420381 45102602307 44030355761 42127506028 41793594808 37709753860 32196640941 29720181289 28332557942 27145211363 22043242416 20687883639 19971514633 19050282507 17454409446 16886977180 14754002011 13779511653 12427005549 1023787755
508643096018 22
49150495215 46680854701 46180001250 38095420498 34166851690 33440927802 32327142224 23999307175 23922347445 23302358321 21756033286 19861983586 18160321904 17816806974 16879862322 14541739856 13919015566 8075741790 5377476415 3165046811 344578525 213499256
646176442008 22
45676715036 42121907590 42038286201 39546059617 39132291190 38213466601 35510682534 30138906612 28472728704 27389957787 21464846743 20612761056 19278068090 19015435103 18325047705 18186329027 17817237892 14567561115 14478142761 3955915822 2539976342 1747841593
668883482159 23
46997027623 46555156357 39233415103 38430755257 35573119910 35356896329 34013140054 31547564312 30520208861 29131299864 28928983443 24590957377 24255030273 22228951803 20860319441 15565316167 13959237152 9385489215 8130735731 8031977611 5111959001 3752594318 1542822632
620488505066 23
49512122466 48973528095 42882907774 41226368711 40796693462 34544008660 28203819879 28135983327 28072770435 22226447131 20586617080 19965877816 16209826458 16179261742 15013589740 14622589573 12506961996 10039479625 7828569175 6588557902 4386297545 1099375877 128789322
596167716891 23
46833301772 43149085111 42004619738 37337580560 35344150530 33256599595 30867662161 28830336593 28188907602 27725982476 24980588800 23406043212 23404479246 21796329780 21642155488 19479830948 12202479097 10739931952 10019221832 7363075924 5137271358 1922114501 1903632090
610906091737 24
48863912452 47286438109 44068305995 38213522470 38027423081 37312130164 35913139350 33735916828 29594075402 29564322499 29075970568 26795423842 20038307254 19219220641 18486722612 17241966806 14298387751 13692547570 12509249252 11836943515 1868625397 1491468049 1328530636 280333127
621819007843 24
49499984589 46265393757 45719731204 44241636995 43798540227 39942683672 38098631716 36566890429 33679355421 33550366398 33277361589 27663005912 27072617142 25508199953 24138009781 23031218092 21988107447 21973686267 20893226177 17681011669 17283178042 10145985325 8539368515 8457601636
694238310784 24
49373832385 47990654461 40181094284 36434916782 36390990843 35221838169 32734815746 32185263691 30210656135 25333452645 24831335141 20694428509 14974423809 14611663627 13781749816 10899591974 9515098117 4901683338 3323711407 3301710730 1629525074 1395447121 1350133428 1116106260
512222135131 25
42867710440 42854860592 41522161338 37660539217 36762228151 36239427871 34086069461 30545700756 27403602616 26412154145 24151729756 22460760072 22385951663 20906308482 20378130310 16174978415 16121951943 13990902305 13650223990 13147285282 13115804213 11546400527 10797082609 9708530999 130543406
668641238076 25
45872041646 45503626790 40648963584 39887221101 37693580249 35012666927 34399043095 34288545798 31999514858 31344569928 30056332407 28093550975 23369741205 22187907523 17467514171 16892866290 13441281636 11142030534 8081394465 7686618737 7071873475 5658132965 4112956737 635062484 103344416
568146820209 25
48433605425 45988878338 45794746803 44877444155 44770392541 40395865639 34445708779 31764844751 28790556069 27230752789 26868556873 25368229967 24029923370 19846955270 17278604586 16009886917 14741909370 13190029997 12587854787 11304573423 9988562289 9678617300 4601962221 4135442462 1126888102
681383373903 26
47576650544 47350685944 45798756331 41694049655 36078982455 34408936033 33552720212 32723421376 30729676713 23495734699 21417865357 19359259914 15598544318 15524013776 12241125564 10589634332 8744761616 8730615706 8178017890 7365632858 6862020403 6586703342 4976100513 4511751038 3754111266 1111681469
714199574217 26
44135258143 43763055015 42594790913 39263832132 37559681007 37366827258 36583325531 36447159636 35910240622 35050462424 34181241116 30123595970 27641995312 27614088466 26877257192 25322569669 23625355542 20127893014 13038837171 9534395789 4633046549 4275826407 3559309863 2678208810 1632125924 1370953981
519750866127 26
48931952085 46828897974 45155184421 43124142645 41976130539 41843199607 38599764529 37397780806 30751995865 29345182811 24725039786 24712339564 23495841421 23113060193 21876058590 20679545188 19853777489 18956475324 18922553571 17642711118 16762948823 15916638626 10410729518 7957523272 7065690670 478136617
630433036305 27
49173924752 49095009175 48800518581 47240905989 42012137301 41299154531 41011845187 40041910546 36406748180 35128888242 34561024156 33913628530 32082099271 27565867477 25888208082 25814995151 24318775162 20004598313 19085684484 17416257020 13337170359 11954917546 11531840335 9190048456 6851628318 3942552235 587651334
551426189887 27
47715508220 44826965695 44779858067 43749609951 39962046798 39707706966 35410139384 34061752147 33087300061 33057403335 29912493860 29840830253 25734498417 23916619989 23587449727 23334956616 22809445041 22638814491 22598763681 22546490618 22435049077 22278639385 17604303903 13579584718 7319381797 6609912085 4376466500
725286059960 27
49857101194 49442020007 47750139474 41888108762 40470742778 39900690453 39301587177 38448186200 37676698672 36973160613 34558707464 34023315229 33536182072 29638610761 20509720664 17276555977 16348363898 15788653675 15177399165 13574359873 10569041383 10065525136 8588191424 5375601537 3123102712 2490795330 2345150291
642300178096 28
49767153015 49764886161 48523181885 48387042873 43259031653 42733750299 40740530736 38986712101 37666114441 35949011580 35144237443 32660524216 29823746314 28682381538 28598435849 28503634234 27457170077 26178078584 24217198388 18352698883 15595631492 9474581316 7743738852 4977329985 3871986782 3248128054 2235426113 1558206444
449466203391 28
48967957048 47068722363 46963446257 46103431653 45316221279 44909265596 34156411476 28079284225 27942159461 24795805511 23052677699 20778411864 17483285566 17414263280 16510713465 16328168751 15643046679 14878059144 14750015406 12214106006 11722722648 11490601046 9976293581 3825327570 3741020489 3717805202 3397054962 3096972048
515903947534 28
48234038761 46555765180 45817954911 43911663020 37884633238 36288958943 35507859355 33473948856 33437084430 31733183208 31296696858 30954141550 30694234102 28724658965 27933788355 26385766934 24519986517 24487272942 24247701031 21460255904 14612673945 13164884741 12956813557 11511820299 8001567279 4394286325 2969475444 2575974334
521322505008 29
45101323052 44836517349 44768262120 44713652274 41649289121 40007905739 39981727001 34707092657 32650056248 31081502850 30518065628 28715827358 28111072670 25694619095 25587882140 22252226940 21586007364 18875129379 18860945524 18363349958 16896392050 16762585984 16466768615 16207145996 7096043356 4124830501 818271735 507175208 433732441
491028286553 29
48031565779 43487008210 42351270287 37711840299 36182273300 36114079646 35992148431 34112399691 33854357041 32418927514 31223563491 30569220958 27116127297 24355906087 24261135864 22297072262 22129956990 21275481091 21007424655 20916558279 19654154232 17882150276 14407375639 12858371799 11256519190 11193076528 10863647519 7284165655 1456019892
650555229556 29
47562796569 45757022811 44395545653 38589110270 38070563557 37649463976 37112651303 36631208801 34967134273 33725562453 33471646554 32597174754 31429756063 28008230666 18008436214 15902637460 15405368189 13066842551 12220647245 11788038950 10931542167 8433903170 7394969000 6771763063 4805474268 2225627608 452380798 246365318 18423364
386216447670 30
44102922024 43676987727 41637881119 36379103812 36238342683 34566484428 33614240776 29158214121 27281103855 26089057910 24373091868 24338194992 23723804749 22189641767 21175525415 20604457984 16820402195 16747983167 15034372326 15008931323 11270869812 10417789061 10346540490 8773689100 8044865304 6537574676 5077241344 4614850464 4527334605 2229872124
661210506985 30
49032209947 49009739381 48813175318 48627277216 47265744625 47208350857 46683197010 44745724618 44094132447 44068514116 39725008138 37034802572 34568264473 33636706462 32585841952 31569006427 30697580882 28552802452 27284979312 24265426090 23689934074 10980954211 10246417278 9430671172 9285464942 9222743371 7667928534 5280963484 4932778203 706438712
553054610732 30
47690544983 47453064196 47373977943 46292725351 44876806453 39049181036 37007666618 36599151294 34526567961 34497032187 33070965170 32406686666 31451818129 31438812782 27275670501 23565112592 23481389190 23039322860 19142807002 17544570993 14616534734 13381846496 12886472877 11978695845 11931233699 3961465712 3815561743 2839827252 1965779017 66875598
529901876883 31
48280587308 44156575961 42836157351 42110763849 41291658610 40786385982 38671789853 37076002129 34889194711 34680606604 34065905382 31603622453 31436260202 29962698706 28465290081 28411658897 24883548261 23776924373 22409637403 20783251926 19544312261 19354593417 12814322467 12100995704 8830394224 8663854925 8451174217 8359082133 6194318324 5358978027 4406745048
404335190859 31
48856315843 44225640466 42002471848 37269216934 33903859801 30634666511 30212317334 28809638594 26210414180 24490330130 23213085116 22592580284 20140599752 17495286463 15192097163 13207854491 11733096106 11674944764 11023353969 10825338289 10643358030 10581405343 8919026424 7347724569 7087994663 6964758750 4717345904 3606255132 2975557481 2122388510 354056070
580123471846 31
48276843759 45603250710 44976668802 44818296744 43304388679 35670608036 35319608170 35027860579 33668375741 33561736406 32534065597 26600211408 25312676347 22993989987 19567122131 19290587778 18926454285 18226194163 17462003018 16410909110 14907880384 11226171727 11210080564 9974664850 7406641154 7375244146 5716083175 4777042559 3856369556 3706739582 815167752
381091484463 32
48163496936 46890005589 45953568067 45269398453 41855459093 40065657650 35061588709 34304162223 32856778090 31803484333 28445155498 25258652779 21744951461 20606171796 20246769866 19976895010 19887558192 18278372488 18155811024 17503970457 17457728207 15326755222 13703464204 12823919844 9299182323 8590092353 6132232787 5566764721 2473642975 1465068986 583650379 551832717
429177928967 32
49272517566 49100326874 48684691708 45404530647 45077096189 45023231107 41491773338 41120310757 31062527343 31056365646 28149461647 27319978418 26722764844 25675071123 25011954932 22198442933 17428441009 16978222811 16960359222 16913290191 15635777451 12120531331 11563294931 11444033752 10849897438 6292675379 5904131139 5154773004 4457228983 1939052098 539874326 31714586
512857906401 32
49754786821 45299573131 43782028632 42339447911 41342740358 39562224338 39056641656 37820525792 37816059101 36648981321 34387370596 33174327685 30592759547 29612054066 27025659931 26623779696 23854859311 21484654110 19740031378 19052723073 15413105592 14317165020 13381985855 12794042741 12721577807 12289852783 11486852063 9661358370 8754535338 5537680715 1225307760 930300568
480580208140 33
46668314577 46573318597 46298500874 44052538070 40536003462 39965813372 39469915639 38528586991 38074524719 37954659547 35489783655 32900400365 30128400190 29951490589 27959565682 27822393246 25237498817 19986296445 19944280678 19105284844 17815679260 17015400688 15419112064 14682490279 13131045857 10902404906 10330040768 10264282423 10198039329 8315520264 7385406167 3551762988 2783405501
446367739509 33
47651776267 46740495678 46731159469 45707280172 42821169035 39182716850 38604598254 38576691679 37485832321 35265901541 34095118855 32243859856 28411132004 27111180001 25080623488 25048455480 24417537528 21842296252 21806172555 21650342816 19343537633 17768099037 16325761908 16205812928 16068351498 14734505242 14525405426 11213374474 9666476888 9288102833 8205353680 8190921264 2825313956
