100
3 8
5 6 9 4 8 2 1 7
3 1
2
3 10
2 4 8 16 32 64 100 100 100 100
3 10
1 4 4 4 4 4 4 4 4 4
100 1
100
3 5
11 20 60 22 100
2 10
100 100 100 100 100 100 100 100 100 100
3 5
100 100 100 100 100
3 4
1 6 12 49
2 6
9 64 19 16 81 80
1 10
100 100 100 100 100 100 100 100 100 100
1 10
1 1 1 1 1 1 1 1 1 1
4 6
89 16 31 5 11 99
24 9
46 80 59 62 7 31 89 71 94
6 6
80 93 59 2 78 4
1 7
86 5 39 4 92 66 58
6 8
74 11 52 15 9 62 6 95
7 7
91 1 1 6 33 15 14
3 4
15 38 55 41
18 3
84 13 10
6 7
47 1 58 19 1 7 47
8 3
23 15 70
11 8
16 5 3 16 1 38 21 99
4 5
99 11 58 3 1
24 6
2 7 38 80 3 15
19 5
90 1 14 1 64
1 7
20 14 15 1 16 58 10
6 2
1 69
7 8
11 45 88 88 1 37 18 44
11 3
41 15 11
2 7
1 24 77 20 25 94 99
4 5
37 71 24 23 2
4 8
69 2 15 13 48 89 34 29
15 8
84 1 6 1 23 47 36 3
21 2
4 1
1 5
49 25 54 39 15
1 7
2 25 16 42 12 76 80
22 7
21 79 1 51 2 39 37
19 2
2 41
25 2
47 1
7 7
55 37 95 13 22 37 34
1 6
7 3 1 86 70 1
1 6
79 64 75 35 21 70
2 2
13 10
3 2
2 83
1 9
59 33 41 65 33 88 3 19 26
8 5
70 18 66 93 20
14 5
44 19 7 64 1
2 8
25 89 22 27 51 40 7 37
15 6
13 62 12 76 14 46
7 6
34 48 1 30 35 11
1 3
5 4 48
20 9
11 39 58 28 37 48 89 62 37
6 7
44 14 36 73 66 10 11
15 7
3 63 1 72 1 64 75
22 9
22 15 21 9 92 23 58 96 3
3 3
29 4 6
20 8
91 64 93 23 20 46 3 33
3 7
51 1 9 21 1 56 21
19 9
5 52 72 93 3 1 18 63 1
2 1
51
22 2
4 63
24 3
1 10 17
6 3
1 47 34
8 4
29 3 6 4
22 7
36 1 23 1 82 52 65
1 2
34 15
12 5
57 22 37 3 28
1 6
6 4 9 1 84 1
3 1
4
6 7
1 37 41 80 2 2 82
1 2
11 17
22 2
4 30
4 9
4 2 56 32 53 34 8 1 9
1 9
76 41 15 1 89 31 76 97 2
20 7
1 9 97 42 15 32 12
17 6
12 54 1 72 1 89
2 3
1 16 75
15 6
97 37 4 33 6 5
6 4
67 1 8 12
1 8
57 15 3 23 19 11 26 14
9 9
43 43 74 1 26 50 2 2 19
1 4
11 83 30 12
16 2
54 10
4 7
9 39 79 11 27 6 88
1 4
95 72 34 1
14 5
3 54 6 64 34
10 3
58 74 24
13 2
81 74
1 8
5 6 1 90 29 20 61 48
16 3
82 31 7
19 2
1 8
7 1
41
2 9
1 51 41 60 6 78 67 1 19
17 1
32
3 9
15 12 13 6 13 1 94 10 3
1 1
5
8 9
2 71 26 55 66 21 17 86 1
11 9
88 36 5 57 88 99 93 1 24
1 6
24 76 30 1 15 2
