60
5 20
7-7-0
-0-7-
3-0-7
-8+2+
8-5-6
6 24 39 92 96 103 112 124 142 161 169 175 211 215 221 243 244 246 247 249
10 25
0-0-0-0-1-
-8-0+0-0-0
8-0-7-0-0-
-0-0-0-1-5
9-4-0-0+0-
-0-1-0-0-0
0-0-0-0-0-
-0-0-5-0-0
0-8-1+0-0-
-0-4-0-0-6
1 11 16 31 32 44 48 85 87 102 103 114 124 133 160 185 220 221 240 241 243 247 248 249 250
6 20
-6-0-0
4-9-0-
-0-4+0
0-5-3-
-0-6-0
0-0-2-
5 14 19 26 39 41 55 80 147 148 156 178 180 184 234 246 247 248 249 250
18 24
-8-8-8-3-8+4-6-9+6
8-9+3-3-3-6-2-5-7-
-0-1+4-7+8-2-7-3-2
8-0-7-9-5-9-5-4-9-
-9-5-0-1-9-8-5-4-0
2+1-6-1-0-3-1-0-6-
-4+6-7-8-8-6+6-4-2
8-6+7+1+1-7-2-4-2+
-9+9-4-1+3-8-6+4-7
6+9-5-7-5-3-3-9-7-
-4-9+9-8-8-3-1-8+9
7-9-2-3-1-2+2-7-1-
-1-1-1-0-0-5-6-2-9
6-8+8-0-2-7-6-6-7-
-4-1-0-0-5-9-1-4-5
5-9-3-5-2-7+3-6-6-
-4-3-7-5-9+2-7-5-1
3-3-5-0-7-3-0-0-1-
3 12 52 61 81 102 111 118 143 159 163 189 197 205 208 218 224 226 235 244 245 246 247 248
8 35
-9-8-3-3
6+4-9-6-
-9-0-9+5
5+1-0-8-
-9-3-4-1
7-7-2-2-
-0-2-7-6
8-2+3-8-
6 8 20 21 34 42 66 86 92 101 108 114 116 120 123 129 134 169 173 177 178 185 192 213 218 219 222 223 239 242 244 245 246 247 248
5 22
0-0-0
-9+0-
0-0-0
-0+0-
9-0-0
9 18 27 36 45 54 72 81 90 99 108 135 144 162 171 180 198 207 216 225 234 243
2 21
9+
-5
8 17 61 65 87 88 91 105 113 132 139 151 168 184 190 206 233 242 246 247 250
7 28
0-2-5-1
-6-4-9-
0-6-5-4
-5-4-6-
8-3-6-5
-0-3-8-
9+0-4-9
1 30 32 33 35 56 69 72 97 117 128 131 135 138 155 168 170 171 192 204 210 231 232 241 245 248 249 250
8 43
-2-4-5-3
8-1-9-7+
-6-2-8-6
5-9-7-5-
-4-1-9-9
0-1-7-2-
-8+5-4-5
1-0-5-6-
11 43 45 63 65 68 71 72 90 95 103 111 113 119 121 124 140 141 146 154 155 163 165 175 177 178 180 190 198 201 203 206 218 232 236 238 240 243 244 246 247 249 250
6 30
0-0-0-
-0-0-0
0-0+0-
-0-8-0
0-0-0+
-0-0-0
16 24 32 40 48 56 64 72 80 88 96 104 112 120 128 136 144 152 160 168 176 184 192 200 208 216 224 232 240 248
8 21
8-5-1-1-
-2-4-9-9
9-0-5-0-
-3-2-7-6
1-1-1-6+
-3-5-2-3
9-4-7-6-
-9-7-7-2
21 38 47 48 49 78 87 91 102 128 131 140 182 208 215 228 241 242 247 248 250
13 22
5-6-1+7-5-2-0
-7-3-8-7-0-2-
3+8-6-2-0-3-7
+1-7-9-6-0-3-
9-3-0-1-4-7-2
-2-7-9-1-9+4-
7-3+4-8-3-6-1
+6-6+8-7-0-3-
6-3+1+6-3+8-0
-1-9-8-1-7-7-
6-4-0+5-0-4-4
-1-0-5-9-6-2+
6-1-8-2-1-5-5
20 29 38 67 76 77 101 112 129 140 145 164 175 207 212 231 234 242 244 245 246 247
8 21
9-3-0+5-
-0-0+7-5
0-1-0+0-
-0-0-3-0
0-3-0-3-
-0+0-3-0
0-0-0-0-
-5-5-0-1
12 33 42 46 82 84 104 123 150 163 164 193 197 207 224 236 240 242 244 247 249
6 30
-9-0-0
0-9-9-
-0-0-0
0-0-0+
-8+0+0
0-9-0-
28 50 56 57 60 72 75 79 89 91 111 112 133 141 145 146 147 156 164 173 196 197 221 237 242 244 245 246 247 248
11 21
-9-0-7-5-6-
0-7-0-7-0-0
+0-0+2-0-0-
0-0-0-0-0-0
-0-0-0-4-4-
0-0-0-0-0-9
-6-0-0-0-7-
0-0-1-3-3-0
-8-0-0-0-0-
0-0-0-7-0-0
-0-9-0-0-0-
3 4 46 61 69 70 74 89 125 151 178 206 209 217 220 239 246 247 248 249 250
18 26
9-3-6-5-1-2-9-8-2-
-8-3-7-3-2-3-6-1-6
4+3-8-0-9-0-4-0-2+
+6-9+8-8-3-0+5+3-8
0-7-1+3-9-8-6-2-0-
+3-7-4-9-9-2+6-9-6
1-4-7-7-3-2-4-9-3-
-2-5-3-4-5-7-9+7-7
2-0-0-1-9-6-1-5-9-
-8-0-2-9-9-3-8-6-7
2-4-0+6-4-7-4-2-7-
-6-9-5-1-9-1-2-0-3
2-9-6-2+6-3-6-0-8-
-2-7-8+9-3-8-4-6-8
5-0-2-4-5-2-2-9-3-
-5-6-4-6+7-3-9+0-2
6-0-5-8-1-0-0-1-0-
-6+9-5-3-4-1-1+9-5
4 11 20 33 78 92 118 122 124 136 138 144 155 160 163 177 187 193 194 217 236 244 245 246 247 248
12 21
-1-6-0-5-0-9
1-7-2-9-6-1-
-1-7-4-8-6-0
7+7-2-8-5-2-
-3+2-3-2-8-2
3-1-1-4+8-9+
-9-0-8-0-2-0
5-4+7-5-3-6-
-1-3-8-7-2-3
2-5-8-7-9-8-
-3-4-8-5-2-6
0-3-8+2-8-9-
27 48 95 97 106 113 141 160 204 209 211 219 225 239 240 241 242 243 244 246 248
12 21
4-6-8-9-3-5-
+8-8-4-2+1-3
8-1-8-6-3-3-
-2-1-0-2-3-9
8-4-7-3-8-3-
-1-9-5-4-6-1
6-3-9-7-3-8+
-1-6-2-4-6-2
1-6-3-4-7-9-
-6-9+6-7-2-7
7-1-5-7-4-1-
-5+5-1-3-1-9
6 21 34 74 84 86 111 120 152 162 165 179 184 212 218 234 238 241 242 247 250
12 23
7-7-5-8-4-9-
-9-2-2+4-8-4
5-5-7-2-0-2-
-0-8-4-5-8-2
2-9-6-2-4-6-
-8+3-2-3-6-8
1-6-9-1-3+9-
-3-0+0-6+4-9
8-5-1-2-2-0-
-3-7-7-0+2-2
5-8-2-7+6-4-
-7-7-8+1-8+5
19 26 47 48 78 105 126 128 133 151 152 174 178 181 217 221 224 233 244 245 246 247 248
9 23
5-5-7-9+5
-1+2+6-6-
4-4+8-4-2
-2-7-9-9-
4+8+5-0-1
-2-7-8-8-
8-7+7-9-3
+1-8-6-6-
7-2-6-9-3
7 18 27 45 49 91 93 120 125 135 141 142 144 172 182 205 233 236 238 241 242 247 250
19 30
-4-9+9-0-4-2-9+6-8-
0-7-0-0-9-8-2-8-4-0
-3-6-4-7-5-9-7-4-4-
6-9-2-0-6-1-5-5-1-1
-3-7-4-1-1-5+1-6-9-
6-3-6-5-2-6-8-3-3-9
-9-2-2-1-2-6-0-0-2-
3-5-3-0-8-6-2-1-0-3
-5-3-6-4-3-5-6+7-5-
6-3-4-8-3+9-3-1-9+4
-9-4-8-6-0-5-6+1+7-
7+3-8-5-4-1+9+0-6+6
-5-7-7-2-5-1-1-2-0-
1-4-7-5-1-7-8-6-7-1
-4-1-1-2-4-5-2-2-5-
9-0-5+5-6-0-7-5+2-5
-4-2-9-1-7-0-6-7-3-
7-9-0-2-7-7-3-6-5-3
-1-6-9-7-5-1-4+2-7-
12 31 32 34 40 48 65 66 67 108 124 143 145 155 157 167 169 187 188 191 195 215 232 233 236 244 245 246 247 248
3 33
+3-
0-0
-0-
24 27 36 42 60 63 69 75 81 84 90 102 105 111 123 126 129 132 135 138 150 162 165 186 192 201 213 231 237 240 243 246 249
2 22
9+
-0
9 18 27 36 45 54 63 72 81 90 117 144 153 162 180 189 198 207 216 225 234 243
17 22
1-0-0-0-0-0-0-0-0
-0-0-0+0-0-0-0-0-
0-0-0-0-0-0-0-0-0
-0+0-0-0-0-0-2-0-
0-0+0-0-0-0-0-0-0
+1-0-0-0-0-0-0-0-
0-7-0-0-2-0-0-0+0
-0-0-0+0-0-0-0-0-
0-0-0-0-0-0-0+0-0
-3-5-0-0-0-0-0-0-
0+0+0-0-0-0-0-7-7
-0+0-0-0-0-0-0-3-
0+0-0-0-0-3-0-0-0
-0-4-0-0-0-0-0-0-
0-0-0-0-0-0-0-0+0
-0-0-0-0-0-0-0-0-
0-0+5-0-0-0+0-1-0
5 13 21 28 31 85 123 124 129 131 132 161 170 179 182 187 190 242 246 247 248 249
14 32
+9-0-5-0-5-0-1
0-0-0-0-7-0-3+
-0-0-0-9-3-5-0
1-0-0-0-0-0-7-
-0-1-3-0-5-0-0
0+0-0-0+0-3-7-
+0+0-0-1-0-0-0
0-5-0-0+0-5-9+
-0-7-1-0-0+0-3
7+7-0-0-0+0-7-
-0+0-0-0-0-0-1
0-7-0-0-7-0-0-
-0-0-0-0-5-0-0
0+3-0-0-7-0-0-
13 15 24 37 50 60 87 88 95 111 119 146 151 155 161 174 176 187 195 198 199 202 208 221 231 234 239 242 244 245 247 248
16 20
0-3-3-2-4-7-9-7-
-4+5+4-5-9-2-0-6
7-7-4-6-8-4-7-5-
-7-7-2-4-4-9-8-2
5-5-5-2-7-0-8-9-
-8-7-9-5-1-0-2-9
8-1-2-7+2+8+7-7-
-2-9-7-9-2-2-7-5
6-1-1-3-8-5-9-2-
-5-3-6-3+8-7-0-4
6-7+5+5-2-2-6-0-
-8-6-8+6-9-6+9-8
6+0-1-8-9-6-0-4-
-5+4-0+6-6-1-5-6
8-0-0+4-2+6-8-5-
-5-6-2-9+6+0-4-0
28 39 42 52 71 74 91 117 133 134 142 164 185 210 212 238 242 244 245 247
19 29
6-9+7-4-8-5-7-5-1-3
-5-2-2+1-6-1-7-4-9-
1-9-9-5-3-3-1-4-8-5
-8-4-5-3-8-9-3-0-7-
8+4-8-1-2-2-1+0-4-0
-8+2-2-0-9-3-9+0-7-
2-5-1-7-5-1-0-6-3+0
-6-2+1-0-1-8-1-0-2-
7-8+3-2-3-2-1-8-9-7
-3-0-4-7-5-1-8-2-1-
6-5+1-9-0+8+1-8-7-6
-8-5-5-2-0-8-9-8-0+
1-2-2-7-0-5-9-7-5-3
-5-2-3-7-5-5-0-1-4-
5-4-2-7-2-5-2+2-4-9
-1-1-4-4-8+7-6-8+8-
1-2-0-9-1-0+1-7-8-8
-1-7-4-1-6+0-3-8-8-
0-6-2-4-3-4-9-2-6-3
5 11 22 31 36 46 78 89 91 107 116 123 128 135 138 173 175 178 203 205 206 214 227 236 238 242 244 245 247
9 20
0+0-0-0-0
-0-0-0-0-
9-0-0-0-0
-0-0-0-0-
0-0+0-0+0
-0-0-0-9-
9-0-0-0-9
-0-0+0+0-
0-0-0+0-0
27 36 45 63 72 90 108 117 126 135 144 162 171 189 198 207 216 225 234 243
14 33
-0-0-1-0-0-7-0
0-0-1-0-0-0+0-
-0-0-0-0-0-9-0
5-9-7-0-0-0+7+
-3-3-0-0-0-0-0
0-0-0-0+0-0-1+
-0+0-9-0-1-0-3
1-0-0+9-7-0-0-
-0-0-0+9-9-0-0
0+5-0+0+7-0-1-
-0-7-0-3-3-0-0
0-0-0-5-0-0-1-
-0-0-0-0-0-0-0
5-7-9-0+0-0-0-
4 9 13 24 29 41 43 46 53 63 64 73 78 79 107 115 117 121 145 155 175 177 182 185 201 205 226 233 236 238 245 247 249
18 20
0-3-0-1-0-7-5+2-0-
-7+4-0-0-0-0+0-0-7
0-0-5-0+0-1-0-0-0-
-0-0-0-0-0-0-0+9-0
6-2-0-5-6-4-9-8-0-
-0-0-1-0-3+9-0-5-0
1-4-2-0-0-0-0-0-0-
-0-0-5-5-5-0-0-0-7
2-0-0+0+0-0-6-0-3-
-0-1-0-0-0-6-8-0-0
0-0-0-2-7-0-0-0-0-
-9-1-0-0-6-0-0-3-0
0-0-5-0-0+4-0-0-1-
-0-0-4-0-0-0-6+1+9
0-2-0-0-0-0-0-0-0-
-0-9-0-9-0-0-0-0-9
0-0-0-0-0-0-0-0-0-
-0-7-0-0-0-0+0+0-0
20 93 118 121 128 144 184 189 197 198 223 229 232 238 244 245 246 247 248 249
14 22
-0-0+0+9-0-4+0
0-0-0-0-0-4-0-
-0+0-0-0-0-0-0
5-1-0-0+0-0-4-
-4-0-0-0-6-7-0
0-9-3-0-0+0-0-
-0-0-0-7+0-0-1
0+0-0-0-0-0-0-
+0-0-0-3-0+9+0
0-0-2-0+0-0+9-
-3-0+0-0-0+0-0
9-0-0-0-0-0-0-
-6-0-0-0+0-0-6
0-0-0-0-0-0-0-
16 87 89 92 93 106 111 132 151 159 162 169 181 183 186 197 204 245 247 248 249 250
14 24
0-0+0-0+0+0-0-
-0-0-0+0-0-0+2
0-0-7-0-0-0-0-
-0-0-0+0-0-0-2
0-0-0-0-0+0-0-
-0-0-0-0-0-8+0
0-0-0-0-0-0+0-
-0-0-0-0-0-0-0
0-0-0-0-0-0-0-
+0+0-0-0-0-0-0
0-1-0-0-0-0-0-
+0-0+0-0-0-0-0
0+0-0-0-0-0-0-
-0-0-0-0-0-0+0
12 30 38 53 68 69 71 88 101 114 128 152 176 178 186 204 212 231 235 237 239 243 245 249
18 20
0-0-0-9-0-0-0-0-0-
-0-0-0-0-0-0-0-0-7
0-0-0-0-0-9-0-0-0+
+0+0-0-0-0-0-0-0-2
0-0-7-0-0-7-0-0-0-
+0-0-0-0-0+0-0-0-0
0-0-0-0-0-7-0-0-0-
-0-8-0-0-0-0-0-0-0
0-0-0-0+0-0-0-0-7-
-0+0-0-0-0-0-0-0-0
0-0-0-0-0-0-1-0-0-
-8-0-0-0-0-0-0-0-0
0-0-0-0-0-0+0-0-0-
-3-0-0-0-0-0-0-0-0
0-0-0-0-0-0-0-7-0-
-0-0-0-0-0-0-0-0+0
0-0-0-0-0-0-0-9-0-
-0-0-0-0-0-0-0-0-0
62 85 101 137 158 159 162 173 178 185 187 197 205 207 219 234 241 246 248 250
20 20
9+0-0+0+0+0+0-0-0+0+
+0+0-0+0+0-0-0-0-0-0
0+0-0+0+0-0-0-0+0+0+
+0-0-0-0+0+0+0-0+0-0
0+0+0+0+0-0+0-0-0+0-
+0-0+0-0-0+0-0-0-0+0
0+0+0-0+0-0+0-0+0+0+
-0+0-0+0-0+0-0-0+0-0
0+0-0-0-0-0-0+0+0-0+
-0-0-0-0+0-0-0-0-0+0
0+0-0-0-0+0+0+0-0+0-
-0-0+0-0-0+0+0+0-0+0
0-0+0+0+0+0+0+0+0+0+
+0-0+0+0-0+0-0+0+0-0
0-0+0-0+0+0+0-0-0-0+
-0+0-0+0-0+0-0+0+0+0
0+0-0-0-0+0-0+0-0-0-
-0-0+0-0+0+0+0+0+0-0
0-0+0+0-0+0+0-0+0-0-
+0+0+0+0-0-0+0+0-0-8
9 19 35 110 113 116 118 124 135 164 165 174 177 223 227 232 241 247 249 250
6 27
9-0-0-
-0-5+0
0-0-9-
-0-0-0
0+9-0-
-0-0-0
8 13 19 34 35 39 76 90 101 109 113 119 145 156 157 162 169 181 183 184 208 233 236 242 246 247 250
2 20
-4
9+
8 9 12 50 66 115 135 171 174 178 191 203 204 236 240 244 245 247 249 250
8 40
-8-5-9-2
7+6-8-5-
-6-5-0-2
1-3-1-9-
-8-8-3+7
3-0-3-2-
-8-7-2-2
7-1-1-6-
9 11 23 26 28 30 32 35 51 56 59 61 78 80 84 93 101 110 113 116 123 129 135 138 140 156 179 184 186 187 196 203 208 209 234 238 240 242 247 249
20 38
0-0-0+0+0+0-0-0-0-0-
-0-0+0+0+0-0-0+0-0+0
0-0+0-0+0-0-0+0+0-0-
+0-0-0-0+0+0+0-0-0+0
0-0-0+0+0-0-0-0-0+0-
+0+0+0-0-0+0-0-0-0-0
0-0+0-0-0-0-0-0+0-0-
-0-0-0+0+0-0-0+0+0+0
0+0-0+0-0-0+0+0+0+0-
+0+0+0-0-0+0-0-0-0-0
0-0-0-0-0-0+0+0-0+0-
+0-0-0-0+0+0-0-0-0+0
0-0+0+0-0+0+0+0+0+0-
+0+0-0+0+0-0+1-0-0-0
0-0-0-0+0-0+0-0-0-0-
-0-0+0+0-0+0-0-0-0+0
0-0-0-0-0+0+0+0-0-0+
-0-0+0+0+0-0-0+0-0-0
0+0-0+0+0+0+0-0+0+0-
-0+0-0-0-0-0-0+0-0-0
6 8 20 27 29 32 44 46 53 66 85 93 94 108 109 111 112 116 124 130 132 138 139 155 165 171 174 197 205 206 211 228 231 246 247 248 249 250
17 33
1-7-1-9-3-7-9-1-8
-9-8-4+0-6-2-8-0-
9-6-5-8-6-8-2-6-9
-0-7-3-1-8-4-6-3-
4-7-3-0-4-7+7-9-3
-4-4-5-6+6-6-9-9-
5-3-6-3-0-6-3+8-6
-2-0+6-5-9-6-3-3-
2-4-0-9-5-6-2-1-1
-7-1-1+8-0-3-8-8-
2+6-6-0-7-2+0-3-0
-3-4-4-3-1-3-5-1-
3-7-4-9-7-1+1-7-6
-9-0-1-8-4-4-7+7-
5-0-2-9-0-7-9-2+8
-5-6-6-0-0-4-3+1-
7-7-8-0-8+3-0-6-3
3 12 13 28 39 45 50 66 82 91 97 98 116 118 126 131 140 151 178 182 184 187 217 221 229 233 239 242 244 245 246 247 248
4 21
1-0-
+0-5
4-4-
-9-9
2 26 48 52 61 65 66 71 106 109 117 119 144 176 199 243 244 246 247 249 250
4 22
2-8-
-8-6
5+8-
-5+1
10 23 25 66 93 128 134 138 147 159 162 184 193 198 211 238 239 243 244 246 247 249
9 26
0-0-0-0+0
-6-0-0-0-
2-0-0-0-0
-0-0-0-0-
0-0-0-0-4
-0-0-0-0-
0-0-0-0-0
-0-0-0+0-
0-0-0-2-0
4 18 30 34 48 56 60 66 72 82 120 124 134 142 164 174 192 202 212 226 228 242 244 246 248 250
15 27
0-3-9-8-1-7-6-6
-0-5-0-9-6-6-3-
2-4-4-3-5-5-9-9
-6+4-8-2-9-3-3-
7-4-3+7-4-4-8-1
-2-9-0-2-9-1-8-
3-2-9-9-5-2-4-6
-9-6-6-1+0+3-5-
0+9-9-2+8+5+1-2
-1-8-6-4-7-0-2-
4-5-9-3-8-2-3-8
-3-1-7-1-7+0-3-
4+6-3-7-0-0-2-9
+1-0-1-4-2-4-0+
6-0-5-3-2-1-7-9
16 40 56 65 83 86 92 100 154 165 187 188 192 194 195 196 207 219 230 239 240 244 246 247 248 249 250
4 28
9-2-
-1-0
7-7+
-4-7
2 6 10 22 33 54 66 69 75 77 84 102 138 147 149 168 185 191 199 205 211 232 239 242 246 247 248 249
17 24
-0-0+0-0-0-0-0+0-
0-0-0-0-0-0-0-0+0
-0-0-0-0-0+0-0-0-
0-0-0-0-0+0-0-0-0
-0-0-0-0+0-0-0-0-
0-0-0+0-0-0+0+0-0
-0-0-0-0-0-0-0-0-
0-0-0-0-0-0-0-0-0
-0-0-0-0-0-0-0+0-
0-0-0-0-0+0-0-0-0
+0-0-0+0-0-0-0-0-
0-0-0-0-0-0-0-0-0
+0-0-0-0-0-0-0-0-
0-0-0-0-0-0+0-0-0
-0-0-0-0-0-0-0+0-
0-0-0-0-0-0-0-0-0
-0-0-0-0+9-0+0-0-
9 18 27 45 54 63 72 81 99 108 117 126 144 153 162 171 180 189 198 207 216 225 234 243
13 21
-0-0-0-0-0-0-
8-0-0-0-9-0-0
+0-0-0-0-0-0+
0-0-0-0-0-0-0
-0-0+0-0-0-0-
0+0-0-0-0-0-0
-0-0-0-0-0-0-
0-0-0-0-0-0-8
-0-0+0-0-0-0-
0-0-0-0-0-0+0
-0-0-0+0-0-0-
0-0-0-0+9+0-0
-0-0-0-0-0-0+
8 9 15 38 53 69 75 94 136 157 160 178 190 194 209 237 238 245 246 247 250
5 24
0-0+0
-0-0+
0+0-0
-0-0-
0-9+0
9 18 27 36 54 63 72 90 108 117 126 135 144 153 162 171 180 189 198 207 216 225 234 243
17 23
3-9+6+7-2-1+0-0-4
-0-5-5-0-4-6-4-0-
3-6-9-9+8+5+5+8-2
-0-2-7-0-9-7-1-2-
6-7-1-5-8-7-9-3-2
-2+6-6-0-2-8-0-6-
2-2-6-0-0-8-3-4-1
-0-2-4-5-9-9-2-4-
1-1-8-5-0-8-5-8-0
-0-7-9-3-5-2+5-5-
9-0-2+2+6-3-5-8-8
-6-4-8-7-1-8-3-2-
3-6-7-7+1-4-2-7-3
-0-4-7-4-4-7-2-3+
0+5-0-1-8-0-6-0-0
-8-2-8-3-5-0-8-0-
9-1-9-0+6-6-7-3-7
23 30 34 39 51 52 59 75 87 104 107 125 152 163 194 208 227 228 244 245 246 247 248
14 34
-7-0-9-2-2-6+2
3-8-8-9-2-8-9-
-1-8+4-4-2-6-5
5-7+5-6-3-3-3-
-3+8-6-7-9-7-2
3-7+2-0-3-1-4-
-8-6-9-9-5-0-2
7-6-2-3-0-3-3-
-9-2-3-2-5-3-2
4-4-6-6-7+4-6-
-1-0-2-2-3-1+0
7-3-0-4-0-8-3-
-1-4-2-6-9-4-5
7-7-4+5-0+4+3-
8 11 12 16 21 26 27 30 33 46 75 81 86 110 129 146 154 155 157 172 175 185 192 196 200 217 226 235 239 240 242 244 248 250
16 27
-8-5-9-9-6-5-9-4
1-6-1-9+2-1-6-1-
-8-0-4-2-6-2-4-0
4-6-2-0-5-7-2-4+
-9-7-2-7-9-7-0-2
0-0-9+0-4-2-6-8-
-1-3-3+5-4-2-2-6
8-0+7+6-8+9-6-0-
-4-8-0-6-5-2+3-8
0-8-4-0-7-0-1-0-
-9-6-5-5-4+3-1-1
2-0-1-2-6-4-6-2-
-4-5-6-7-3+4-5-8
9-7+2-9-4-8+2+5-
-7-0-8-0-9-7-3-4
3-5-8-6-3-5-6-5-
17 27 29 30 41 47 52 61 88 97 106 141 151 157 176 181 182 188 213 218 226 229 244 245 246 247 248
12 25
0+4-0-0-0-0+
-5-5-9+0+0-0
1-0+5-0-0-0-
-3-0-4-8-7-7
6-0+1-0-4-0+
-2+0-7-0-0-0
4-0-0-0-8-8-
+0-0-0-0-0-8
8-0-9-0-0+0-
-0-0-0-1-0-0
0-5-2-1-1-0-
-0-0-0-0-3-0
3 9 13 15 52 63 65 71 74 75 83 91 125 130 140 146 169 178 192 222 237 245 246 249 250
17 24
+0-9-6+0-0-0-0+0-
0-0-0-0-8-0-0-0+2
-0-6-0-0-2-0-2-9-
5-9-0-0-0-1-0-0-0
-5-0-1-0-0-0-5-2-
0-0-2-0+0+0-0-1-7
-0-0+2-0-4-0-2-0-
0-0-0-3-8-0-0-0-0
-0-0-0-0-0-9-4+6-
0-0-8-0-2-0-7+0-9
-0-1-0+8-7-0-0+8-
0-8-0-0-0-0-0-5-0
-5-0-0-9-1-0-0-9+
0-0-0-1-5-0-0+8-0
-0+0-9-6-9-0-8-0+
0-4-0-0+3-9-2-1-0
-3-0-0-0-0-0-0-0-
11 21 35 38 41 42 45 74 78 86 87 103 109 143 161 162 211 218 238 244 246 248 249 250
18 38
1-8+6-6+9+5-7+4-6+
+6-6-2-1-2+1+3-0-0
6-2-2-5-9+0-2+2-9-
-5+3-0-9-8-0+8-2-6
2-8-3+7-2-4-1-6-8-
-3-2-7-6-6-0-2-2-8
2-8-7-8-7-3-3-0-1-
-5-2-2-6-8-9-3-7+1
1+1-7-3+6-1-2-5-3-
-8-1-5-9+7-0+7-2-0
7-3-7-3-6-5-8-7-3-
+7-3-6-5-8-3-6-4-5
0-6-8-6-2-3-3-5-8-
-6-2-7-3-3-7-9-4-4
5-2+9-7-4-6-6-1-9-
-7-7+0-1+2-8-3-0-1
9-6-7-1-1-9-1-0-1-
-7-5+1-8-7-9+2-9-0
3 4 19 26 27 37 38 39 40 50 51 60 67 91 114 121 122 129 135 137 143 149 151 165 168 169 182 201 209 220 221 230 244 245 246 247 248 250
5 27
-0-0-
0-5-0
+0-0-
7-0-0
-0-0-
11 29 36 38 45 57 66 81 108 115 127 135 137 160 184 185 187 188 189 201 221 222 227 234 241 246 248
16 24
2-4-1-2-5-6-4-8-
-0-2-1-0-3+2-9-6
1-5-5+2+1-9-9-0-
-8+0-7-5-3-6-0-3
8+8-2-6-1-1-5-9-
-9-5-0-2-2+5-5+2
7+8-3-4-1-9-2+5-
-4-0-5-9-5-4-6-9
7-8-0-0-2-2-1-2-
-5-7-0-0-2-9-1+8
7-2-4-2-4-3-4-0-
-6-4-3-5-1-7-6-2
6-2+1-9-0-5-1-2-
-9-1-8-8-6-4-4-2
3+3-6-6-7-1+9-7-
-0-6+6-9-6-9-5-6
1 9 15 45 62 91 95 97 116 117 135 143 169 180 181 188 195 221 236 244 245 246 247 248
15 22
0-0-0-0-0-0-0-0
-5-0-0-6-0+0-0-
0-0-0-0-0-0-0-0
-0+0-0-0-0-0+0+
0-0-0-0-0-0-0-0
-0-0-0-0-0-0-0-
0-0-0-5-0-0-0-0
-0+0-0-0-0-0-0-
0-0-1-2+0-0-0-0
-2-0-0-0+0-0-0-
0-0-0-0-0-0-1-0
-4-0-0-0-0-4-0-
0-0-0-0-0-0-0-0
-0-0-0-0-0-0-0-
0-0-0-0-0-0-0-0
1 5 22 24 31 40 58 96 113 156 158 168 180 201 224 232 243 246 247 248 249 250
4 29
1-0-
-3-4
8-9-
-5+4
4 5 8 14 25 34 45 64 80 118 119 120 137 150 153 159 164 168 181 189 216 222 226 231 241 245 246 249 250
15 24
4+8-2-4-3-4-5-9
-6-6-6-9-6-3-6-
3+7-8-6-8-5-2-9
-8-7-5-7-3-3-2-
6-1-2-9+4-9-2-0
-9-0-7-4-9+5-9-
3-7-4-6-1+3-1-7
-8-5-5-3-1-2-7-
8-0-7-9-0+5-3-3
-1-9-2-2-8-3+2-
3-5-8-4-0-9-2-5
-7-0-6-5+0-6-8-
6-3-1-8-0-1-7-7
-0-2+3+4+0-5-0-
8-9-0+5-5-9-9-2
5 22 68 82 91 103 107 111 115 128 140 179 192 204 215 224 233 234 238 240 242 244 245 249
11 20
-0-0-7-3-0+
0+0-0-0-0-0
-0-5-0-0-3-
0-0-0-9-7-0
+0-9-0+0-1+
9-5-0-7-0+1
-9+7-0-0-0-
0-3-0-0-0-0
-3-0-7-0+3-
1-7-0-0-5+0
-0-0-9-0-0-
27 60 66 89 102 108 117 153 159 198 203 219 236 238 241 242 244 245 247 249
14 31
-1-6-0-0-6-4-4
0-9-6-6-7-0-9+
-1+4-5-3-9-1-1
7-8-8-4-2+0-6+
-8-0-3-3-8-9-3
0-4-2-6-0-8-3-
-2-6+2-1-4-8-4
9-7-7-0-4-6-0-
-5-0-2-9-7-3-6
4-2-8-5-1-0-4-
-6-5-4-3-7-6-7
1-4-5-1-8-2-5-
-2-1+2-4-6-8-3
4+0-8-3-5-9-2-
1 11 14 17 26 27 45 48 68 75 84 114 117 118 141 144 145 149 168 191 194 207 221 236 240 244 245 246 247 248 249
