60
5 20
+9-2-
9+1-4
-2-1-
2-0-9
-8+8-
6 10 14 16 18 20 21 22 23 25 26 28 34 36 39 41 42 43 49 50
10 20
0-0-9+7-9-
-6-9-4-9-7
8+1-3-9-3-
-5-8-1-2-0
5-6-1-8-6-
-4-0+2-1-2
0-8-2-3-7-
-5-1-8+4-8
3-2-7-7-6-
-6-7+3-3-0
2 4 7 10 13 18 19 21 25 27 28 33 34 39 41 42 44 46 47 48
5 20
+9-7-
4-6-6
-1-9-
2-1-0
+6-0-
7 8 12 16 17 23 30 31 33 34 35 37 38 39 42 43 46 47 48 49
9 20
7-8+0-6-5
-3-2-9-5-
6-1-0-5-9
-4-8-0-1-
9-8-8-0-4
-8-5-4-8-
3-7-2-0-7
-0-6-9-9-
6-4-0-3-8
4 7 13 15 20 22 26 28 29 32 36 37 40 42 43 44 45 46 47 49
8 20
-3-3-9-9
7-9+5-1+
-0-3-9-8
4+8-4-2-
-7-9-3-8
4+8+5-0-
-8-8-6-4
8-8-7+7-
5 7 9 10 11 12 14 16 19 21 25 26 30 34 38 46 47 48 49 50
5 20
5-1-8
-3-6-
8-2-1
+0+8-
8-7+1
2 3 4 5 7 12 13 24 27 28 29 31 34 35 41 42 43 45 49 50
10 20
-9-9-5-3-8
0-5-1-2-3-
-3-6-6+9-9
1-0-4-6-2-
-5-4-4-1-0
4-3-4-1-5-
-6-6-5-4-0
0-5-8-0-6-
-3-0-0-1-3
5-1-0-1-5-
2 3 4 8 9 10 12 13 18 25 26 28 36 37 43 46 47 48 49 50
3 20
0-1
-0-
9+0
2 4 5 6 13 15 17 19 22 23 24 28 29 30 38 39 45 47 48 49
5 20
+9+7-
6-7-6
-5-7-
9-2-4
+7-4+
1 6 7 8 12 13 20 22 24 26 30 31 34 38 42 44 46 47 48 49
6 20
3+2-4-
-6-0-1
9-1-4-
-0-5-7
0-2-9-
+2-2-1
3 8 12 15 23 25 29 31 32 33 36 39 40 41 43 44 46 47 49 50
7 20
5+1-1-8
-6-5-3-
9-9-3-0
-1-4-4-
6-2-7-1
-5-1-0-
4-7-3-2
1 8 9 14 15 16 17 19 27 28 33 34 39 41 42 43 44 45 49 50
5 20
0+0-0
+0-0+
0+0+1
-0-0-
0+0+0
2 3 6 7 18 22 23 24 27 28 29 33 40 41 45 46 47 48 49 50
9 20
0-6-3-2-5
-3-2-5-0-
6-3-7-3-1
-9-4-0-9-
7-6-9-2-1
-1-8-2-5-
0+1-3+0+2
-2-7-8-4-
8-0+6-3-5
2 5 10 11 13 17 27 30 32 34 36 37 40 42 44 45 46 47 48 49
3 20
+4-
4-2
-6-
2 4 12 14 18 20 22 26 28 30 32 34 36 38 40 42 44 46 48 50
9 20
4-2-9-7-7
-2-7-7-1-
0-6-0-0-8
-0-6-0+6-
6-2-1-2+1
+3-0-0-2-
7-7-1-0+6
-0-4-9-5+
3-0-9-8-0
4 7 8 9 13 22 25 26 28 31 34 35 40 43 44 45 46 47 48 50
8 16
-0-0-0-0
0+0-0+6-
-0-6-0-0
0-9-0-0-
-0-0-0-0
0-0-0-0-
-0-0-0-0
0-0-0-0-
3 6 9 12 15 18 21 24 27 30 33 36 39 42 45 48
4 5
0-0-
-0+0
0-9-
-0+0
9 18 27 36 45
6 20
6+2-6-
-2-5-9
1-9-0-
-8-0-8
0-2-6-
+4-2-0
5 6 7 11 14 27 30 32 33 38 40 41 42 43 45 46 47 48 49 50
6 20
-0-5-9
1-0-9-
-4-0-6
6+4-8-
-6-5-4
0-7-8+
1 4 7 9 10 15 18 21 23 29 30 35 38 40 44 45 46 47 49 50
3 8
0+0
-6-
0-0
6 12 18 24 30 36 42 48
9 5
-0-0-0-0-
0-0-0+0-0
-0-0-0-0-
0-0-0-0-0
+9-0-0-0-
0-0-0-0-0
+0-0-0-0-
0+0-0-0+0
-0-0-0-0-
9 18 27 36 45
7 20
-6-1-9-
4-1+3+4
-4-7-3-
7-9-2-7
-5-4-8-
9-5-8-3
-8-6-3-
1 2 8 13 16 17 23 27 32 33 36 38 40 41 42 43 44 46 47 50
10 20
-9-0-0-0-0
5-0-0-0-0-
-7-5-0-0-9
0-0-0-0-0-
-0+0+9-0-7
0-3-1-9-0-
-0-0-0-0-7
3-0-0-0-9-
+0-0-0-0-5
0-5-0-0-0-
6 7 8 16 17 18 20 26 27 28 30 33 34 37 40 42 43 45 49 50
5 5
+0-0-
0-0-0
-0-0-
9-0-0
-0-9+
9 18 27 36 45
5 20
0-5-0
-0-0+
0-0-0
-7-0+
0-0-9
2 3 5 7 10 11 17 22 25 26 27 28 37 38 39 42 45 46 47 48
6 5
-0-0-0
0-0-0-
-0-0-0
0-0-0-
-0-0-9
0+0-0+
9 18 27 36 45
8 20
1-6-0-8-
-9-1-5-6
6-7-5-3+
-5-8-3-6
1-6-3-0-
-8-6-2-0
5+7-8+2-
-4-0-1-8
3 5 9 14 16 19 24 27 31 32 33 37 39 41 42 43 45 47 49 50
10 20
9-3-6-5-1-
-2-2-1-4-8
6-7-2-7-5-
-6-1-6-0-5
8-0-9-0-4-
+1-0+6-9+8
3-7-1+0-0-
-8+1-9-0-5
9-8-6-2-0-
+3-7-4-9-9
4 9 12 13 14 17 18 23 31 33 34 36 37 41 42 46 47 48 49 50
7 20
9-0-9-0
-9+3+5-
0-0-0-0
+1+5-5-
0-9-0-0
-3-7-0-
3-3-0-0
3 7 9 10 12 14 17 23 25 26 28 31 34 36 37 38 43 47 49 50
2 12
0-
+4
4 8 12 16 20 24 28 32 36 40 44 48
9 20
0-0-8-0-0
-0-7-8-0-
0-0-0+0-0
-0-0-0-0-
0-6-0-8-0
+0-0-7-0-
7+0+0-0-0
-0-2-0-0-
0-0-8-0-4
2 4 5 7 8 9 11 12 17 28 30 32 40 43 44 45 46 48 49 50
10 20
0-0-5-0-0+
-0+0-0-5+7
0-0-0-9-0+
-0-9-0-3-0
5-0-3+0-0-
-0+0-0-0-0
5-0-0-0-0-
-0-0-0-1-0
0-0-0-7-0-
-5+0-0-0-0
2 3 4 7 8 19 24 25 27 28 33 35 39 40 41 44 46 48 49 50
5 20
2+1-2
+3-4+
5+2+1
-4-0-
9+5+1
4 8 9 12 14 16 20 21 22 24 28 29 37 38 39 42 45 47 48 50
7 20
-4-3-4-
1-1+2-2
-7-5+1-
8-7-9+2
-9-0-1-
7-7+9-0
-1-8-0-
5 6 9 10 15 17 21 25 26 30 33 34 39 43 44 46 47 48 49 50
4 20
9-5-
-0+5
0-1-
-0-0
7 8 9 12 15 17 18 26 27 30 31 33 36 39 42 43 47 48 49 50
2 12
+4
0-
4 8 12 16 20 24 28 32 36 40 44 48
2 16
9+
-3
3 6 9 12 15 18 21 24 27 30 33 36 39 42 45 48
5 20
0-5+0
-0-3+
0-0+0
-4-0-
9-0-0
3 5 8 9 10 12 16 23 25 34 35 36 37 39 42 44 45 46 47 49
9 20
8-0-7+6-2
-7-9-6-7-
5-8-5-5-8
-8-3-7-2-
5+5-3-7-1
-4-4-9-7-
1-2-6-0-2
-7-3-6-4+
3-2-7-8-0
1 9 16 17 18 19 20 23 24 27 30 32 37 38 39 43 46 47 49 50
3 5
+9-
0-0
-0-
9 18 27 36 45
4 20
8+8+
-2-0
8-4-
-1-7
2 3 7 9 10 14 18 21 22 28 32 33 34 35 37 39 43 45 46 49
5 6
-0-0-
0-0-0
-0+8-
0-0-0
-0+0-
8 16 24 32 40 48
8 8
-0-0-0-0
0-0-0-0-
-0+0-0-0
0+0-0-0-
-0-0+0+0
0-6-0+0-
-0+0-0-0
0-0-0-0-
6 12 18 24 30 36 42 48
7 20
-4-6-6-
1-8-9-5
-4-7-2-
8-6+4-1
-2-4-0-
3-8-8-9
-2-8-9-
2 3 6 10 18 22 24 25 26 27 29 36 37 41 43 44 45 46 49 50
6 20
5+0-0+
-0-9-0
0-0-5-
-0-0-0
0-4-0-
-0-0-8
4 6 14 17 18 20 22 29 32 33 34 36 37 39 42 43 45 46 47 48
7 20
-3-8-7-
3-8-4-9
+9-8-8-
3-1-8+9
-9-3-4-
7-2-0-1
-5-7-1-
3 4 6 9 11 12 19 20 22 25 28 31 37 40 43 46 47 48 49 50
3 20
-8-
9-1
-7+
3 7 10 14 16 17 19 20 24 26 36 37 39 40 44 45 46 47 48 49
2 20
1-
+8
11 14 15 19 20 21 28 30 31 36 37 38 39 41 42 44 45 46 49 50
7 20
-2-4-2-
0-2-9+8
-3-1+3-
0-9-9-9
-3-0-6-
4+0-6-6
-5-9-7-
1 4 6 8 10 14 18 25 26 28 30 34 42 43 45 46 47 48 49 50
3 20
2+1
+4+
5+1
2 4 6 13 14 17 18 19 21 29 30 33 39 41 45 46 47 48 49 50
4 20
-2-7
2-3-
+8-7
0-9-
4 7 11 16 17 19 20 21 25 26 31 34 35 38 39 43 44 45 46 47
9 20
0-9-0+0-0
-0-0-0+0-
0-2-8-4-4
-0-0-0-0-
0-0-0-3-0
-9-0-6-0-
2-0-9-0-7
-0-0-7-5-
0-0-0+0-0
2 5 8 10 11 13 14 19 20 21 27 35 38 40 43 45 46 48 49 50
3 20
-6+
9+7
+2+
2 4 11 19 20 22 25 28 31 33 35 36 39 42 44 45 46 47 48 49
3 20
+6-
7-9
-4-
1 7 9 16 20 26 28 29 30 32 35 37 39 41 42 43 44 45 46 50
2 20
2+
-1
1 4 6 9 15 16 17 18 24 26 27 29 31 35 41 45 47 48 49 50
10 20
0-7-4-5-7-
-8-0-6-9-1
9-7-2-5-0-
-0-3-1-4-6
8-6-9-9-5-
+5-7-6-2-3
6+4-6-7-9-
-9-8-4-4-2
2-7-1-1-8-
+4-6-5-6+2
1 2 7 9 10 16 24 28 30 32 34 38 40 43 44 46 47 48 49 50
8 20
-9-0-4+9
4-4-6-9-
-2-3+9-1
3-5-5-3-
-9-5-8-0
3-6-8-0-
-1+3+0-5
4-4-9-4-
3 5 8 15 19 21 22 24 28 29 33 34 37 39 44 46 47 48 49 50
9 20
9-8-8+5-0
-4-7-0+1-
8+0+4-5-1
-2+1-0+4-
2-0-4-8-0
-4-5-2-5-
5-2-6-0+9
-2-9-8-8-
7-6-7+9-5
2 3 7 12 13 15 21 22 24 25 30 31 36 40 41 46 47 48 49 50
10 8
-0-0-0-0-0
0+0-0-0-0-
-0-0-0-0-0
0-0-0-0-0-
-0-0+0-0-0
0-0-6-0-0-
-0-0-0-0-0
0-0-0-0+0-
+0-0-0+0-0
0-0-0-0+0-
6 12 18 24 30 36 42 48
10 20
0-9-0-0-0-
-0-0-0-0-0
0+0-0-0+0-
-0-0-0-7-0
0-0+0+0-0-
-9-0-0-0-0
0-3-0-0-7-
-3-0-0-0-0
0-0-0-0-6-
-0-0+0-0-0
4 8 9 10 11 13 16 20 26 28 29 35 37 38 40 42 45 47 48 50
