100
3 3
10 1 20 2 25 3
10 2 30 3 20 1
3 5
10 1 6 2 10 1
5 1 3 2 10 1 3 2 5 1
3 5
10 1 6 2 10 1
5 1 6 2 10 1 6 2 5 1
1 1
5000000 10
5000000 100
3 5
10000000000000000 1 6000000000000000 2 10000000000000000 1
5000000000000000 1 3000000000000000 2 10000000000000000 1 3000000000000000 2 5000000000000000 1
3 5
10000000000000000 1 6000000000000000 2 10000000000000000 1
5000000000000000 1 6000000000000000 2 10000000000000000 1 6000000000000000 2 5000000000000000 1
3 38
1444576998715204 76 1412091698391838 94 1435127572178650 76
181896330302491 27 166925497330121 76 85327522725775 66 146551695426304 70 50727964709883 66 122232892918273 76 136891361110774 76 82808026297160 66 167276772937171 76 79371492862214 70 46145913859831 66 116235088006768 94 177217370126722 66 107598514105135 70 15263084398103 70 147290748417822 27 133639453236650 76 118356654900878 76 60685244575786 66 128412166904882 76 175851609847197 27 140227978432478 76 81123931006465 76 52533567916445 70 80441757327478 66 144714274069495 70 247194215907263 76 141748884730067 76 152777140127152 70 117463069493591 76 237153609452232 70 99170602952275 76 62434628963809 76 243683477407211 27 23404455526357 66 73870229551064 70 86303801642247 94 103458278155184 66
3 16
209366252081456 64 257006078222531 22 190645083136902 81
45485297638977 57 36358376773805 64 59225121954224 58 1 84 23513395047313 19 43325645169336 52 1 61 15312142189453 49 67746185686651 39 58736735069656 6 95729463909225 20 113925455936869 96 73008532118751 77 1 76 1 83 46697021314751 16
3 16
729402405942580 84 718324351556736 52 688956549656347 84
115499533497038 52 136430327864888 52 130429928433877 52 148581628424928 52 114721086005659 52 101630047479090 52 139863978422119 52 91848785679831 52 124425914490749 52 166829765936418 84 150736819802141 52 125042970478243 52 143173519253887 52 128914332990140 84 157751433218140 52 151192202583666 52
3 22
1629140327412683 49 1689280809091256 15 1584496143135320 8
293965161164608 15 216227638120018 63 136995701427398 61 265380050400659 63 226598107729850 8 193223445653368 63 204699402638597 61 178787819478271 63 395035679496963 61 150835323662230 49 140396619453605 63 258821923515449 49 169136592036961 49 312659669636362 61 277673100220070 63 288735767784558 63 197515444145818 63 174449903196577 15 166922119739178 61 264949613046625 63 176496470485509 63 212884696577970 61
3 33
996501700367886 78 1367121278510823 15 1075228087907776 90
217804653604265 6 218893011177153 65 1 79 2007742724911 14 1 63 182942624941261 31 109155269264929 52 111799313616628 35 43344320847376 22 77854535592680 94 85592304987985 72 164245776184301 97 67891124059088 16 45391341842201 8 1 70 121243913319801 80 108693522459962 76 99762966446050 44 272449984756998 29 65397898337265 78 99764726133288 19 32778267990226 90 111084556042566 2 217446411432205 66 1 85 113853447711216 43 1 71 178288013506019 67 30226733406282 73 69083877511094 3 16634267258707 61 1 77 153399930264353 69
3 34
1746792769551356 91 1719814665813043 55 1799366246057998 91
162168799000762 91 146835479137121 91 165150945468970 55 163509193190265 55 133046170121603 91 193486661069524 55 181357338389626 91 137899322114933 55 114033967826649 55 167937060352840 91 147650841459602 91 145799022808358 55 203046978204732 91 176592289935084 91 124077353801467 91 113053600358506 91 172727013427013 91 86322114457765 91 102435330650254 91 134165385034971 55 155398158740645 91 186009714007469 55 195330890571256 91 161975903140019 55 202018057285486 55 182714892981627 91 145333875108838 91 169957496066644 55 135556978038554 91 135485513822910 91 171975467769154 91 135901463537919 55 214887932675886 91 191116447889095 55
3 82
4530729064745982 87 4530209441881926 87 4533103230459548 64
161418080872722 64 155465835464538 22 154666505006826 64 155386637317562 18 168008323170120 68 168599357468382 87 163750823772057 68 168982093937167 68 167143653431213 22 177188260840756 64 173080194735203 87 162667708497905 68 176835889833963 18 159651779184053 87 154108974057011 22 162413968516088 68 163894179307012 87 157560725211630 22 166405107104362 68 173462449557638 68 185174922919946 22 151666953777500 87 169018509808884 68 185060305588921 87 188832928240575 18 135571377049016 64 155877279148786 87 170752826069436 68 177360709093086 22 172010754838180 68 174413647592553 22 177435449161469 68 168326315636352 87 188342003722669 68 166337342373459 87 153043878756570 68 169171455226465 87 146562316353173 18 138703270834762 87 172876782928689 87 163949425964042 22 165954001449726 18 173212565867106 87 159213072101371 87 188626884731593 68 150979087980796 68 150240914466244 18 154190542256404 87 134280535117636 22 179163490644655 18 154337355642216 18 159735134815467 87 182985934667072 68 175403842245697 87 167116222585814 18 179484405644969 68 159506993001131 68 155780017874156 87 153030345391424 87 160997275652408 68 165995816740206 68 161515121144197 87 164696866905292 87 179217908401880 87 173092124155829 18 137641194523396 18 160505515931555 68 160844506244110 87 159438301110190 68 140069449021392 87 177060309149823 68 179222804886828 18 160632420542782 87 151001792941187 87 156403867070854 87 177702514182284 68 181393094573196 87 179626769183396 64 179994165392019 22 167048550798087 18 158513562678464 64 153940784966939 64
3 80
921652047582699 31 936379061423314 24 900770101663001 61
44669679583893 14 53205590415764 25 60063321504240 12 4102833188143 56 22032392163090 88 41915813235348 61 58940376445821 49 18105505180967 40 38595464146959 97 16683744283242 37 13985969240410 20 5889579886324 52 40359043184431 33 57460369148102 19 54023137674570 69 48749890498091 26 36786541729034 45 35156685737680 79 61511325355397 16 43369287011889 55 20794349484967 92 32557221342290 81 16382364368617 5 64979574932944 10 52863070807925 13 17732044362332 91 77236486845490 75 36873110537281 23 1 70 56463882785579 73 21167837034801 66 33133884101787 47 18822664778772 93 47197212386375 89 30424305151029 44 25852136821801 1 17367346911622 82 43543032522063 24 1 58 37444973887272 77 1 31 20201315549523 8 52627646809501 4 35526551156068 28 27356729775739 100 25011980973156 64 30585678495876 27 22511275012721 72 55277439871933 60 91263339469385 36 34768078322688 98 21648610071842 18 38047378736408 41 46835815923728 22 32888226619310 35 1 83 8522651150033 51 10388989579600 48 24396126479234 53 51934358112852 12 7114895146396 49 47448270283022 1 9628080378904 77 2471716489190 44 80396523405455 93 2409598406445 36 34907747515907 31 9247650861744 19 48084920376990 41 34454642197910 81 32421962217387 5 15769863393468 64 61598907711206 73 15655082314678 47 26783420199333 26 10825971731284 70 32197103295795 48 2523704328713 100 20864164253331 91 53640244785566 28
3 83
3180901058722124 12 3287979591326256 83 3246826710159692 12
69820221728946 12 157945009651511 12 121147764056690 12 74095442668627 83 92495765489572 12 39822967705271 12 80958962509983 12 85598528872920 12 55643291457629 12 142786074794736 12 114213745198995 12 77676581447592 12 187500660104406 12 66292935969133 12 115998624279521 12 198757071542940 12 43849282165162 83 136625054773502 12 149407684939959 12 93491363687501 12 148366759445823 12 117093150962319 12 53515901395753 12 198424899054341 12 151872697949741 12 60486440813428 83 29031977218074 12 244167624180697 83 53731643974575 12 160153066673086 12 101903539767147 12 87543888362683 83 160277226797946 12 132179091092799 12 104204512809397 12 162939026920543 83 225833347719367 12 57478686972635 12 138634041538018 12 97598649783314 12 78256173444325 83 75518191372779 12 158440338302030 12 96869823938512 12 198227534717632 12 184590524974565 12 191828314812892 12 122950610471092 12 10546895595368 12 136681150008468 12 63709298232666 83 67023824146345 12 111234468020783 83 158254475023478 12 154291005122099 12 139904363057608 12 162801020036186 12 145095957037183 12 89384834148912 12 156442082525788 12 173367972342396 12 175102613429359 83 140848716559723 83 164755384679925 12 88999292253501 12 139144723722228 12 94039357775030 12 213313211605816 12 124426321884970 12 183300531545740 12 77845548185721 12 109180222369363 12 129573444389518 12 129397304140343 12 80875838372763 12 149669676261464 12 73644554799126 12 169536943348094 83 204083441576587 83 130720328785753 12 125127856845313 12 97512130789450 12 120883533478096 12
3 69
5239117370858143 25 5154104169169393 40 5376652857052367 40
207328387904025 25 139254163774770 27 215322339742608 40 254127976742969 25 315846771077465 73 293917483665877 40 189807877816335 40 349140900080698 73 117055587222187 40 313600642474647 40 436895393448064 27 271164623816951 27 173460087211502 27 256219208065604 40 232938791912311 25 266642949825781 19 166389594732071 73 129805103827773 27 291543240230165 40 327939184517604 25 132581955665524 73 218712519420105 40 147246840841497 40 273652630951210 25 228989726806531 40 369654647835148 27 255830019949773 40 151591184853421 25 290111853896828 19 168673539285727 40 244687189327562 19 93325526824074 25 281400096049969 25 153100030625126 27 280410438312039 25 193471032152021 40 274534331706648 27 290228766878018 27 288296098739512 40 62239991617082 40 182319217402895 25 242587463033881 40 307924757801377 27 177746909263286 40 279336380380962 40 212947285803148 40 244434634880201 25 275796305069023 25 189601500403021 40 212742663890133 40 152840062423863 25 83922648979875 27 239707144240447 40 144082640235023 40 372369297087419 40 176500543866014 40 338121222293563 27 190004065887006 40 260290656832883 40 155013187226345 40 319787902137077 40 207100425768508 40 269149891154725 40 189708967164120 25 222795466791605 19 211696211363262 25 221087329900102 25 221857258288719 27 206058485521865 25
3 58
771106428397967 39 772634992207811 39 841557707290924 39
71051619973292 39 3825469826600 39 45337254741378 39 53036982515554 39 56613963697137 39 91843624422875 39 40627540321518 39 25392404457887 39 53801291481611 39 35104576626625 39 28401016465646 39 68355184416708 39 67544489396443 39 39149740723816 39 47233525022291 39 1 39 49636976025579 39 14029666395224 39 1 39 23322820999768 39 29970908453049 39 34778206631198 39 38418174233425 39 37109291715048 39 72597565539727 39 63762117262222 39 24997977207763 39 60895256554724 39 49204653995231 39 60777788622957 39 24274231081832 39 11249100645671 39 72377475939543 39 67939565545827 39 53775693329324 39 57379158343893 39 19914972905776 39 87181695031101 39 55139723718767 39 31094245267495 39 34105578689460 39 20127686516867 39 46053932559138 39 11069011228746 39 35591010941080 39 81926449358391 39 63743269373647 39 11415953983628 39 83650033648294 39 35914070732385 39 46488033220677 39 53346036022046 39 5303886503533 39 17689157933039 39 7556871221946 39 30273990255269 39 58324893407089 39 26178349731613 39
3 76
2174960992560159 3 1821454774423541 37 1758131497119052 3
24849742098054 3 27405271855376 37 1 3 56257823886397 3 204709708893132 3 90364704156977 37 46731501117397 37 1 3 1 3 69826928458200 37 188658017166937 3 95669065356270 3 59905281549095 37 1 3 1 37 1 37 152028214040102 37 41635391150461 37 40693526113886 3 23487069320819 37 162677436372637 37 123628173326391 3 177647235938665 3 47154648047805 37 184266741883243 3 10143993858260 3 1 37 53038075856114 37 54836095998661 3 259051425264589 3 63900203005074 37 99427634298018 37 44734006169850 37 89768288934088 37 56962460041429 37 14782651572179 37 1 37 60759895100121 3 150735531474736 3 74597541575579 3 137948940698809 37 150705860595823 3 28001503123493 37 57495841346075 3 157761641003381 3 33908095276017 3 99688190758339 3 69747353872013 3 83558528831858 3 119767303636659 37 193648307376713 3 44000608990697 3 100945158167719 3 72385785419817 3 58493209203057 37 70004055962439 3 1 37 150073932797851 3 173611066466051 3 45018396043229 37 62479229355376 3 1 37 79201718372366 3 119242565756371 3 1 3 88126398170475 37 1 37 5978702386026 37 38647991469871 3 6370857338762 3 77157485290179 37 51825882287342 37 71161067877609 37 134172242578286 37 1 37 149988613888517 3
3 8
307869659345627 63 222065921239918 95 168582722947394 63
1 77 166247580340089 65 96758557940757 77 16103698258055 77 9822847940853 13 1 95 132406835643749 13 1 95
3 28
387063810423569 51 378472786766272 63 386183343536898 64
35016349598442 58 37664856800830 55 47903567700340 88 43840117411760 8 44111337271523 80 39019379400702 24 42089645431112 90 47738342652980 75 38117017368486 27 38668763963048 100 44939920329815 60 36661755645392 16 51395575122058 35 34047030242485 97 45304507834502 86 41494824773469 77 47970108027641 51 35651803099340 63 39049110785900 46 40823130972674 25 41901175046418 87 30968845461562 64 40232832677738 16 38109098688638 27 44629947670755 24 38377135925731 60 45752299106425 77 44955395330683 75
3 57
4148712865659175 1 4161924265094278 69 4165525572536248 1
217737687674451 1 227821145372603 1 206637795844363 1 220913693580249 1 221790859808280 1 209596878229581 1 215351441411065 1 221134465811488 1 230772850623242 69 214685356894733 1 232697613034205 1 223503206161735 1 213547416101426 1 222553550620177 1 225360946690350 1 226286322790000 1 221939133988743 1 211586936826323 1 218991088037856 1 218672942666272 1 231015712620495 1 220354530506871 1 224015837458086 1 190687338955481 1 229209318004488 1 228341040225891 1 216201697368973 1 200420503974066 1 218934062236506 1 226811236150675 69 212507901345227 1 230197252173307 1 196803762311366 1 227160654163578 1 226988917228406 1 225354162547109 1 218244489646198 1 236053345517588 1 217108833403523 1 213297651940942 1 219822719379226 1 201543666625039 1 219367143703052 69 237213256958189 1 208427233370772 1 219313459508405 1 210120672284499 69 208620023061792 1 215802615669918 1 211923580395691 1 214128540771870 69 231641451750959 1 213127192945945 1 217041776074572 1 216913758489013 1 219057186917659 1 223996834498941 1
3 68
895007475727769 92 821180156970939 92 892315971261151 92
41694284656169 92 58854203197850 61 122156041239077 8 29009245531987 13 1 8 1 61 143621608086089 92 1 8 1 8 9458742775727 8 79287019615583 92 1 61 48554598804124 8 1 92 1 88 154940008509788 92 26029396589578 8 17037749761049 13 1 8 51679794670763 8 30307859488243 92 32899231760139 61 100115576340012 13 1 61 42489085920032 13 1 92 1 8 24350947354412 92 183796441668047 61 124845426420898 13 125243642244266 92 55208511295762 8 1 8 131518940667208 61 49479908695044 92 117965442982273 13 83904402295868 8 3281510183582 61 73563522215748 92 25173109811265 13 1 13 44927387145367 8 1 92 1 8 13658651495495 8 182662443544628 8 148590698789719 13 369456042480 8 94232558199111 92 58954278916830 61 101265131338120 8 88561816522986 8 1 61 68027371694138 8 17271139564275 8 27804604811945 61 11878192739219 61 1 8 1 8 61994221824644 92 1 92 35861487779822 8 1 8 59376971465850 8 96325171179435 8 85866170037752 61 1 8 120212758633702 13
3 61
4282296499222292 52 4237132498291322 2 4232917368695414 96
246571304450366 53 256258106783260 22 209733971668256 73 262246393540152 66 163066363708684 29 244342528739045 2 247366660336462 48 180844421350901 51 199817837874360 74 183735361327720 63 209706431965230 32 194796668491042 68 194150847629983 79 192176113872311 69 235393854551206 21 239995259411839 8 213153467462604 82 221163594564213 54 159784701403445 52 223469251042704 12 242487531063019 96 210399312975408 61 197520700580658 53 169221762478182 96 214374093396716 82 198629706330794 48 211234118771117 63 212872544246421 69 235156768657601 8 224969050303336 68 229415256093106 12 231498745046183 52 165731696294886 61 245625096656657 29 144664307706800 21 216520175079340 79 260616383692921 73 169374035035749 22 192092821367587 66 143386353095559 32 202860190820050 51 188082727402412 74 199080906815325 54 161167533794834 2 244525784167135 63 231629519553244 53 200700541971431 96 219429602785594 12 193745247114744 32 252673205060154 29 218447258330329 66 153838383204527 52 191400665042010 73 191175230828808 2 163823715494779 61 162237208216603 54 288086476986602 68 183835403598311 48 188407137685087 82 225195297279182 69 229129985666313 79
3 87
2048809421780250 77 2022251379134482 47 2050891627590781 77
106106367622020 77 242791429810231 77 179608100258741 77 1 77 75692183177755 77 1 77 164945157272345 77 1 77 71464335063948 47 1 77 135851709558892 77 96077427177505 47 32965640094866 77 22226236411771 77 1 77 139131523306971 77 38557602205958 77 247477410506933 77 78657751756542 77 42222922687480 77 114589923747692 77 170361587153081 77 168046684727685 77 100160754688918 77 1 47 64924924006389 77 1 77 192789469399259 47 121276541915651 77 72328277012632 77 170705801843327 77 73201705394862 77 77493103729787 77 1 77 91160446839060 77 79643178659010 77 55091281261189 77 1 77 132610316018632 77 136407494936393 77 1 47 76666135231853 77 12377778311031 47 1 77 83501205659195 47 217883868452686 77 174157470217057 77 195947325936423 77 1 77 150869555712752 77 1 77 1 77 59311618796561 77 224449695562685 77 77818959086437 77 193642783012161 77 112004531976381 47 160578206391426 77 121195642226251 47 58415240329758 77 123781862344471 77 1 77 92523774771457 77 185942504334333 77 140152905910533 77 120362114874185 77 125428834182943 77 15335286247464 47 136116064801674 47 18856064216377 77 21043700353147 77 120982841296853 77 1 77 1 77 134390899455449 77 66196890137255 77 165865940014700 47 1 77 24538241339457 77 5684927791594 77 59220731129914 77 27566356410230 47 1 77 29510834274551 77 1 47 1 77 1 77
3 92
2796875538917860 49 2642459184511040 95 2637346517580391 49
113486853681780 49 93701940585275 49 90400329173508 95 31277760236032 49 63885742542578 49 134255605505351 82 39399582133843 49 61458255359734 82 135774469034396 82 197489877029115 49 50876918196699 49 216607218663051 49 67984153616511 92 160582833711181 92 40380113648341 92 196245216282707 30 1 49 79060093423182 49 88158384102297 82 69402757823199 82 74441411388079 30 28216627886229 95 111674449795963 95 75825532163449 82 88732624646142 82 133724713806240 30 98620627701034 82 146321922373223 49 93635487266618 30 27195422941964 49 29738488752430 49 55202721153230 49 187407593367531 49 55058698040088 95 1 49 115141112951813 92 188178216792510 30 3771346208566 82 1 49 113932843430658 49 172570382069304 30 110750201213236 49 62087496915727 92 155093578047494 49 41920013842726 30 126991005536189 82 89454303623097 82 30739877266004 49 48822190783320 30 1 30 130262524801208 82 120354455925922 49 160694715837673 95 137843451514206 30 1 82 64007805843899 95 190040933855347 49 1 95 82881075784388 49 119505929342895 30 72918852684957 95 106809334607336 30 68772973713181 95 129072366591318 82 1 82 30944502457115 82 75744700663594 82 52141294449435 82 59563071143927 49 77795551648432 92 135236244628565 49 141472614210310 49 95754016816781 49 146485477577999 30 13357819268014 82 76899735471075 95 30145035466908 92 1 82 216034619266398 30 190459819864290 92 38699389402238 49 87963212574305 49 152812529601288 49 97218312184736 49 1 30 66739755154880 49 1 82 89854805449398 49 46089907647369 30 37195926677041 82 1266753983103 49 1 82
3 76
234791409485130 57 169272101276660 81 176851144578564 63
9791277374960 77 26587766243179 38 1 26 16984665624818 25 1 71 1 95 1 33 1 30 1 69 45145925043159 62 1 87 34063731160704 81 923562870401 61 1 47 24178943973588 73 17482812332770 63 1 84 5474525203690 91 28152173954396 12 72534533059564 57 1 98 16068561140833 76 28681497905 83 1 90 16285233316312 32 59915431608123 37 1 85 17407646708350 35 25907393326927 23 2587426227229 65 40633534185198 10 18625963644414 100 30713596211747 99 1 58 1 29 15996063227828 24 1 68 65004867157507 67 6738097781942 1 1305863020650 86 18340207746187 19 12994074722034 18 1 88 19880578473742 94 1 39 33726164878975 14 46684581365383 78 1 69 5464888848717 39 4471138821479 30 19495271519957 88 22521819575746 85 29292757332273 62 1 14 26298179676142 19 1 68 11355156244210 100 36428819904651 65 61302822034144 73 1 76 1 47 3941673262733 25 1 29 10955827056621 84 41891715813128 23 32093930555642 58 1 57 66123878456217 32 1 81 1 83 1 86 13585673895066 87 1 38 1 26 6612502271204 61 38329968955856 67
3 45
2753412015586800 32 2708411033821783 94 2734360109358392 32
270423318219732 32 186333839528456 94 108614667669997 94 169592652217566 94 177346075150947 32 138900698088724 32 186913584288893 94 188201195340791 32 168583892032943 32 191241169357504 94 194130460775183 94 227097488988586 32 208132464051259 32 168836492788017 32 148305973194319 32 143013000725158 32 170234298585164 94 146286634931113 94 134159398441334 32 101222864499339 32 233684391567279 94 125418081765514 94 219262470430904 32 200558728031686 94 123286551857195 32 180771992694575 32 250228547446609 32 180462011116995 32 227726869467753 94 131583018441810 32 208905393093373 94 172285184698612 32 60288120197372 32 178082611938726 94 246850537493624 32 204019239160836 32 133686795794540 32 192278383763226 94 206159824045528 32 169512618513390 32 228052919574467 32 226282928603584 32 167453130520688 32 168051162696047 32 176600588058626 32
3 48
550725984005860 65 775792928436600 4 582769119658609 98
38364534252014 98 1 73 1 65 57112200985455 65 74576872794259 65 30541659887004 98 1 98 10065753005387 4 96653198075326 98 16037147984067 98 46544364671506 73 1 21 1 21 103933344681686 98 23500246411927 98 110232166662395 21 1 98 101146055153544 4 1 98 15059115399302 21 103202344847127 98 81781251756595 73 1 21 1 21 208193952185300 65 58727769263598 98 91563350289930 65 72623495691439 98 40108948642204 21 103109420797812 21 47965430483713 98 1 21 20025292237084 98 117709640294400 21 18001203551535 73 18189287439569 21 11908232474529 65 27457209314705 98 1 65 1 21 52173130851173 65 112291437495983 73 8175614380365 98 64425186920640 98 38065312262337 98 102978191548277 4 1 98 19942078014491 98
3 5
440882443953745 13 442088820234671 80 413058422468128 34
487622937812438 84 116918766780517 27 273226520258904 38 327704037582965 92 350548581425854 36
3 32
3076451785055408 91 3076511251581821 59 3098213248798385 91
270671416036979 91 280462997641749 91 307062532228980 91 241064775697805 91 304218165908848 91 283329126998480 91 291044119305387 91 279015434572659 91 283212778359835 91 255569702816315 91 291366925207148 91 327829842704466 91 294515079242604 91 268131057784953 91 295943716499202 91 334248121319246 91 260600017243855 59 260840346895055 91 308180541677773 91 308056470105666 91 279732530605237 91 245815883643648 91 303631241906889 91 248008283824132 91 272626882734255 91 281535260254351 91 316578457788733 91 260564614662597 91 279072300526723 91 289570604790583 91 297428604040430 91 298759144943932 91
3 68
40567823330983 13 114797135124187 13 133233764595005 94
26862518090116 24 1 13 1 45 1 13 13130985192268 94 116672318911404 45 1 45 1 94 64867015800682 13 10695755143835 24 1 13 1 45 1 13 17423396826442 13 1 94 1 13 1 45 1 27 66496812291359 13 1 94 154916580702450 94 1 24 1 94 14525309816860 94 1 94 166852282554544 94 1 13 1 13 1 13 31875473877183 13 1 13 1 24 32817624540493 13 6823994676306 94 1 94 1 45 43463660675032 45 1 13 1 27 13935825761953 94 113943080204022 13 1 13 100057085860327 13 64499088638070 13 1 45 112674556046661 13 1 94 1 13 9660242864244 13 1 94 92708154225731 24 88351816258722 94 1 94 1 13 49339504681346 24 1 13 1 94 95085142682335 13 74090140996029 24 86107428294537 13 1 94 11687225304148 94 1 13 1 45 1 13 1 13 32282181164797 94 51864219832014 45
3 9
924129711690625 12 853691144313206 33 900943661733122 76
267865906834385 93 272388079745450 4 397682843509247 94 404534325023847 48 341686778880194 36 267600077210555 24 212350052405251 52 183904228054363 72 385443184412465 51
3 91
5833307542559401 56 5744385638546787 59 5786357955045498 56
179017235640659 56 241665145341167 56 176715996618088 56 68860745477009 56 145317656071268 56 293375061171584 56 223641223739187 56 119454397287510 56 185172360223736 59 409944110775740 56 138609496444762 56 84609146197167 56 203399148718131 56 66572403204322 56 218488247709885 56 116123707790442 56 1 56 222091011375193 56 162514233621131 59 231905583140215 56 171667220488720 56 1196729076789 56 55999701260131 56 224043858728688 56 363899336209432 56 101551891547001 56 81852684662318 56 244416249467035 56 226843753530971 56 125131969719400 56 232800941752203 56 205416286591361 56 192498416564058 56 334093621887178 56 244649793658067 59 216306328552646 56 342797243905096 56 155022828895793 56 123499990899286 56 201585865027523 56 375181860142998 56 174630697048343 56 312980379217807 56 147193155629589 56 41656857734698 56 108586621611672 56 156068225018401 56 1 56 129762792862860 56 98497844422010 56 185558156742487 56 106521962305894 56 157386786399953 59 186798379256611 56 295599242085623 56 81683265216921 56 310403573543969 56 199039823504981 59 173418420750719 56 326760178032693 59 256992650017525 56 63928439096511 56 261857784452006 56 98327250062084 56 256666808324798 56 91660865836820 56 162221621615799 56 180522122026350 56 151849705211842 56 91344058154256 56 256741282158233 56 154036860108338 59 179273038714965 56 254806637921437 56 187585056424063 56 176675796977755 59 172341917031688 59 326722163324273 56 210653708653087 56 103104771636544 56 146398923343616 56 182016877793165 56 196106120595210 56 189105488907385 56 386757104024430 56 194786092075680 56 151605616352183 59 180789380825961 56 389360941690323 56 136971406697321 56 171297588432227 56
3 12
925286305973 32 26441144671072 32 35620878927113 32
23575162841317 81 1 81 38344790721494 81 21425554619865 32 45607810695266 58 49568143428849 32 48661738732939 81 1 32 5519595938691 32 31266277454279 92 70734116159516 81 1 81
3 62
348858602221052 80 335248177699457 50 351068137471363 16
1 37 16502063640127 26 19543183650086 72 5964349531494 97 1 65 2289165066742 73 19474524395674 75 1 76 21212932531287 2 26912941179080 82 466904227377 18 25356269987750 15 10422224827320 71 20273604598724 19 3277565097380 17 16453061360808 7 3859950393443 98 30700107956314 16 34948710325192 49 28123532091530 47 14267693525335 59 22735522147954 27 31175253307400 29 34414430604811 79 17862541733008 41 26283659915626 39 10554687996652 24 1 92 15909605228692 85 24828961015760 43 1 100 32642577286909 74 41772422028870 91 14813332704953 60 34538812050910 8 6528993452367 10 8018092383224 90 2199030913515 69 22503393297167 95 20277131480980 67 1 30 14704203274353 1 33689979425239 84 13347468677026 81 1 64 19159795105919 36 2014039784141 62 23430160936441 5 13130932934532 87 9704893709162 3 4002648109194 51 19843832107261 54 30558502807145 20 2562417823830 34 13453104240940 93 1 61 1 35 21320303049480 68 1 50 27855696531299 80 21254139540672 6 12786666487254 32
3 91
2211936734373697 88 2205830266528438 83 2222329953695606 88
73572167444615 83 83525359079413 88 74585876320800 83 73523487546222 88 71541734719419 88 73515588197154 88 75403957863295 88 74584213332147 88 74336542990495 88 80089536705489 88 64564957672812 88 74128316360051 88 62518511134638 88 75066386543170 88 80001644884873 88 78825438870108 88 65351548548865 88 68004603995860 88 69876517143765 88 65620264921110 88 74134724832707 88 73926031784653 88 70014180055580 88 73371355812015 88 79092631024573 88 74538850023535 88 74049625158007 88 77792409834119 88 69882555227603 88 73287008866343 88 74755933387046 88 78514439785647 88 74349350903248 88 77168141686609 88 78303543920794 88 76359537625160 88 78922879992013 88 67500233708538 88 71711174580666 88 74765824951134 88 65063870437383 88 80038672539262 88 67544054906510 88 79410479403721 88 81760438707206 88 70343868802736 88 74596818880689 88 74218310264338 88 80505104843451 88 74111440362671 83 65970205241561 83 74923936396973 88 79189991929822 88 66437278866206 88 70079570608750 88 74630036576129 88 76275577442828 88 71566861906943 88 80848271909424 88 77074060358711 88 73527946225568 88 72620563477324 88 79161786904607 88 71744308906797 88 75663219748371 88 69179219044656 88 65076993547185 88 63411459613572 88 77022721322428 88 74399692194230 83 79445628865087 88 66922642768455 88 69622554529831 83 68814832873290 88 71519051121717 88 69462370885348 88 81197091736933 88 79697771396886 88 70709953757224 88 72785828339448 88 70012314624955 88 71704484400026 88 68242629992615 88 77201850601106 88 71752585651627 88 78024030786439 88 73522089661142 88 72996677973790 83 72805453587989 88 65839818897998 88 74511669213900 88
3 26
1521806349565877 33 1530630546039096 71 1507841897779778 14
184230365453714 33 155820407302337 66 259665843701642 48 145852247775809 48 178603393432916 66 88701369450301 33 92757467348747 33 236080185130707 33 242106779528371 33 203861509697342 71 139894128694193 48 185728174534141 71 192389613086897 48 216228899235398 14 177800890266617 66 153256759245069 33 201319699636408 33 123085266372048 48 229154125656682 48 156745768548362 33 169305499730030 33 183216159428495 33 162391449818959 71 228636744927664 33 200269985414542 33 200479133859847 33
3 36
1478031518669096 28 1436994963113044 15 1490344229600679 46
122340710572547 48 116658121911768 65 99188450605165 40 120882246981157 23 106773403088579 90 111785943485021 71 131893674244131 83 134989314812331 86 112256114202118 55 163260510232796 46 112417136172901 57 81904793307777 15 128134828294240 43 146920310322880 27 88655726807619 47 123178398663974 80 120934171192331 5 134632079159377 92 105154438748770 97 151541543792328 24 110477313616190 1 139020250948443 34 145034157672337 77 106396507926855 38 129313888134778 22 119873333937886 50 122744575048501 76 164970183902177 37 127336625854909 28 117727313669412 16 124456063482380 28 179482605511364 77 123847878926322 46 142705214612030 50 105284214156691 97 131893030603459 16
3 60
5790143556749687 27 5769427332046695 75 5793497358967577 27
321418248469134 27 229437444860926 27 329015733164430 27 197502321723293 27 171193670253287 27 193612805513027 27 358180939958965 27 255879661947803 27 294924766411323 75 343320399629382 27 406289748530256 27 185480558945888 27 247984295403970 27 271570696110922 27 229910869767200 27 333747534871118 27 333465681556616 27 237937631992471 27 231578826610173 27 278675863375789 27 302025828536414 27 235080323892958 27 240170914508486 27 249617928799963 27 326234478169517 27 337519781606679 27 213756581920680 27 330942254294595 27 292818971706792 27 256006115031845 27 235887864532908 27 184738208070639 27 228905778599986 27 411038409288658 27 424062800358803 27 166701943053656 27 276202612354838 27 349851228405347 27 344228409672128 27 211516370495782 27 314527377531712 27 266500754344477 27 260555302469440 27 236252201720928 27 312412164182644 27 228282804145759 27 246763114795506 27 362092172452693 27 279660242346737 27 297914187058146 27 327317267183732 27 321347604885214 27 292298710712310 27 315222917244097 27 276235134189088 27 282376277320313 27 211163128239816 27 346656955475968 27 297597905649428 27 383734663814020 27
3 98
6811950136791729 100 6767795048857414 77 6748083987898284 100
178008803555634 77 182905698630497 77 145769551421207 1 105142438703919 100 208780197567749 100 255818911822986 100 183353295709009 1 259178483609484 1 208604676537551 100 345814233570833 73 101989025814299 100 140632599534058 100 163024242256402 77 225622684024832 100 178446028039645 54 455415485562375 100 298694242137778 100 101316598881684 77 120152840883650 100 286361951573323 100 242476409560573 77 222293746602411 100 318511440133091 73 273849254532330 100 13417668848121 77 444433638310850 100 251706486164804 54 190787784420245 77 147914878980490 73 138605921560736 73 325315206488578 73 242547416707023 1 153953117567508 100 125662800413858 73 41022040484669 100 148924357653339 100 321178304648338 1 1 1 316327828030533 54 70088531738023 1 281933996186110 100 266481337670603 54 198425682843754 73 245982401417066 100 235481304873049 73 151587380294952 73 274646979330085 54 106313106210041 1 189382572826761 54 136161378324593 73 175494551495686 73 234670037276933 54 282317072121189 54 264582235677479 100 84729302856697 100 130480629116052 1 211233992483846 73 282798780244781 54 309465374582631 54 277296825582567 100 286641981906862 77 128266816341299 54 326459789323483 100 131506167424375 1 154239288211281 100 299505710667089 100 186304681029229 54 176683220471118 100 150855003792782 100 83599039383215 100 168335246249134 100 265287491532623 73 286132064911563 54 327609845482797 77 219243407114969 54 397121806728183 100 104509965915015 100 239701028858474 1 80219748686430 73 252059413303973 100 103089887168485 100 222114716405447 77 393051125159344 1 170639040203714 100 196242053625482 100 188824884260087 100 139133874257100 1 281410513766490 1 167768963285077 100 170336364773797 73 101745566165150 100 146576120026845 1 230553049114420 54 186689036638507 100 279347563686777 1 94136725496609 100 305524913452294 54 125734938987822 73
3 21
2012615563200395 38 1869586838306204 61 1949253430474279 83
264398293400703 92 300724034912698 61 318409000269034 56 343934332549317 52 284781665916028 81 311536485544866 26 285436236655425 21 280760985415775 10 249970917860128 7 268509681527980 72 257023931857105 63 226009668383437 91 217195763318912 84 273382171315259 89 289160740031694 62 267810839947921 73 318390985360114 39 283575174832718 38 325566393041511 33 275365291011674 76 322957427966028 88
3 8
50561852677928 91 600444179988 13 72595306797292 91
2206950894767 91 1 91 1 91 46256989974599 91 1 13 203926181504346 13 44291895954363 91 35515942837777 13
3 7
559839682366032 18 341938569132347 74 447202410073740 41
260017106626118 36 287474476144672 18 164658943145375 36 61076553122450 74 167049970125574 41 61996132696604 36 133835507751586 41
3 47
211635981527830 12 120180220637698 45 102920133330959 67
1 13 7732850887780 17 1 12 1 89 18133170567159 60 1 45 38207137942943 99 1 68 38474412370254 88 31210194659949 67 1 57 30230368740005 75 1 33 1 50 1 70 146485078573 36 12733396718896 83 1 38 207087403075 18 1 47 1 7 21499406570022 72 92708960166785 69 16947216247323 84 18117935847000 97 12763141394965 6 22432174053738 10 1 23 14143072365493 9 9619925898001 56 12865303800160 62 19513398264583 60 13552693062430 17 1 75 45231987104766 56 49425339298239 13 78687406264455 47 20642296137730 7 1 57 8531649532581 38 1 99 1 72 65084704975206 88 11409621962123 23 18484551680862 36 1 18 6932840608271 50
3 32
1985856730680777 97 1985576944067704 49 1984390948294427 97
187201766672916 97 183338556566516 97 186169292907100 49 187031081396531 49 186978242853950 97 185292121364246 97 186677662194400 97 186519834157844 97 187868435762210 97 187496883370421 97 187570989494923 97 187260456109631 97 185216691109828 49 186996953604142 49 182926262444874 97 185534635019497 49 188805811562058 97 185070103967118 97 186027596144194 97 184557954841164 97 186771864693133 97 187227923909323 97 185944823538604 49 185131707225116 97 185233601150373 97 186563818503873 97 185540308662120 97 186683440401346 49 186546777410356 49 187044814761623 49 185969903783879 97 187938890949779 49
3 87
8008361582832924 43 8154727406839287 73 8079502756188345 27
382347930037837 94 335492253825589 88 148290764834107 94 189080803836773 94 333462386148086 27 182889270462701 27 486869465872450 94 438266557941278 94 395445819896183 73 365730718044494 43 193599389842211 27 263840221961759 43 130937561742274 27 212444422724780 73 320281218888495 88 233142064606448 27 237966648855835 94 220757003874953 88 195769644700541 43 279171660539068 73 184517670568560 73 199379635216707 73 356350182958790 73 182675409663198 94 310601006091321 73 217436315708497 94 312479923825029 73 225946064989923 88 198039132002618 94 322038755826345 73 301972519945496 94 241004371945865 27 448109031123557 94 327255248913841 73 176116635314499 88 256562069225756 27 300102312338477 43 343685568901645 88 228768243344253 73 172964179288854 73 199739351444212 27 365419745804896 94 201574878287282 94 293816064984383 94 304824820419896 43 226701819086896 94 304592393985261 43 146253147605309 73 404442967275060 94 264824686911935 73 274374154070116 94 249096423585112 27 261192842620353 73 150092436572898 73 160230729213913 73 301447344542793 73 21487237878918 27 291819596378409 73 280114586259633 43 185179129894921 27 383858544209544 73 520658120518127 94 392089811046913 88 286919483861104 94 320771009295412 73 147727949468592 94 343586806948375 73 105949759593823 94 259907136403064 94 304837206793540 73 291646856253435 27 312958641586734 94 226329857764318 94 445479247226537 94 219038324631475 73 309277763151432 43 237422868730198 73 260623807366746 43 271057226759003 73 421823315445233 27 270954442570246 94 186086109608701 27 337922865504926 73 150065044214873 94 57945949696823 94 271078232908146 94 259034961335573 94
3 33
1331062592852464 23 1348491674976884 86 1377160547805993 88
137590008994638 83 125997883677820 44 97582127434673 21 115491613763950 39 149507240190419 38 101803737466576 5 116118307280264 59 121622987785243 63 95411148587622 4 102199698872089 35 122941432295608 8 129527753765087 11 138983349621729 31 109108878979665 29 134647447530647 78 133088251366273 77 136548127401231 45 130561180709020 55 123773935460361 90 108652122195925 22 105871412260843 64 116878462717059 40 85548250904736 20 166469223438779 32 133897574346852 19 113298630967977 65 103231359647339 91 137311291691901 37 137902545894739 30 121240412634336 41 125851851554355 74 159102237614484 66 133948700367404 27
3 50
5022420858285906 90 5024925901402734 78 4908326892256555 90
366476062531168 78 246633871399267 78 236479089815969 78 339675944375151 78 304789923267677 78 164975820858052 90 280715301569977 78 304039783698981 78 266635524766709 78 258039904557928 78 279015135908171 78 244021509216512 78 291300302421696 78 331477264018791 78 291440291339897 78 325723085910334 78 307749402130615 78 351107251126201 78 340439951350274 78 298181175358826 78 247391385227038 78 307881838389614 78 337899947044348 90 303629111005141 78 303771874610425 90 296457030691966 78 262966122088899 90 236574773566559 90 313296264992817 78 354079182454916 78 269415854775631 78 352921327331236 78 280378385419970 78 322419423909393 78 330900216656001 78 363406827156501 90 406826731505126 78 293424686721017 78 298466142798462 78 398709893989767 78 229151244089618 90 284895264513514 90 287153510125354 78 339673599921687 78 261189453609781 78 295711204441061 78 247704024838964 78 265385882149080 78 311222580479255 78 259204803256758 90
3 75
3187577794533228 17 3121377659030447 17 3014107281509755 41
91810330974260 61 128164710003676 17 97948879821952 17 137592308150559 61 118600365082007 17 134194464107442 83 157844763134949 41 71197271828175 61 129472823003582 41 166975310242359 41 233053356942275 61 169010319672300 30 168678844429916 30 127889677076381 17 181973383736944 41 1 17 182433611450947 17 222392905292593 41 151269733360379 17 121744212340365 41 189951505985106 17 20538593540400 17 99197162392737 30 167142992647304 61 107485431211665 41 50744193776452 61 90012879087173 41 172157117974318 61 164314467337430 41 173216208162475 61 90038364260742 41 132572373941199 30 184698009944020 61 192539951732893 61 25252704718863 61 120450984396965 41 73654468769802 61 136998307858866 17 181694242158469 61 78963231366367 61 165822140872501 61 144593483158034 30 110280633153660 41 109067031972340 41 130076418791892 30 72864829222653 41 101980765118127 61 119844759229735 61 40551512025200 83 106718668156430 30 101549064269852 83 118127278866050 61 192509625908047 83 186358534891115 61 137078334759939 41 135328266641723 61 176032464259900 41 113549047041691 41 55268879658532 17 55333617077086 61 122734508080552 41 1 61 151048019635123 61 111835253942121 17 94944103584542 61 135420389475187 17 162680736458852 30 139393781766710 17 184049639599729 30 236862076954824 17 186712239893936 17 145244336993647 61 83997519515353 61 120722333105203 61 94526137489360 17
3 29
650905273991653 97 646427701221962 65 611109068879436 26
83992253527870 48 115553680590828 22 98961136440356 65 61957071936850 10 113025845989659 96 105401600993058 61 48112154385990 42 13543951406503 75 97765320243013 90 99536362700626 11 156126956143147 86 56046838289755 59 14681218406897 93 62992261725317 45 17100356504653 26 141283133763514 84 113819754679700 97 105670449601882 12 66386017623520 62 80179194201123 100 8167633660483 23 100131312637818 31 178685381209677 68 1 83 115582715251851 85 28168109521439 96 1 48 74047904527552 26 32548346404536 97
3 66
434735913613624 77 439539981163628 83 347503923320140 77
53874299492661 77 30984184338511 83 126178552485676 77 1 77 31516979355202 77 1 77 110442659658463 77 93603740883041 77 85324813923523 77 58974961084045 77 184344389251365 77 77181020614013 77 6869953511254 77 1 77 118937195403883 77 82168378940469 77 1 77 32128828319561 77 106317380514395 77 1 77 29444070669556 77 73683838190074 77 1 77 104754394338664 77 1 77 121957459872392 77 19095367455312 77 30057778237389 77 1 77 1 83 1 77 1 77 36180672361690 77 1 77 82280099470447 77 25477994453596 77 47775091826872 77 139432122566785 77 31679140916067 77 69276890052487 77 1 83 14895294803384 77 9153713027623 77 1 77 1 77 1 77 1 83 101904133345017 77 3441983218018 77 1 77 77033414260265 77 61933497221600 77 9295416105214 77 1 77 50235924000946 77 1 77 13856024680531 77 3895127973531 77 22997966344425 77 14185510223151 77 48556595663955 77 5836506982428 77 43662714512590 77 1 77 1 77 1 77
3 22
1063006619655531 44 1068702028415192 67 1063842913941053 67
145253517427208 67 148231574652527 67 140475843654488 80 146827394385746 67 145152103918374 80 142267409577147 80 146231009159724 61 141940722329462 44 143706687789094 67 142709881346187 67 144632933043212 80 148338446100078 61 143269996317250 61 148358653339321 67 146453991225803 44 146126806346360 20 149644301517120 20 144840378059107 61 148280679357947 44 148818945918867 67 139101837088688 67 147588389269653 80
3 89
2875948613211830 61 2855068166331095 100 2883092898766732 62
137402202122496 9 110496801621248 12 137683287370813 51 47317061617987 85 110003594680272 81 50974523777557 79 79268909138643 15 60207524081416 35 94518249353628 66 150453706113823 47 89160395149404 69 96246342466213 28 116473539179445 75 146520300148558 62 97725188171844 91 108653746163191 55 102528154686265 65 110267094178167 3 116310676778522 100 69050092234027 88 75657956288317 59 132068125236310 36 125191403922646 68 90401487370993 73 49659874487257 87 132715154433951 60 39275161865326 4 95659354321008 17 99238645291895 61 151364881042700 22 119169880373054 43 102419807539133 93 140597843809737 61 69774972349337 93 43080946357316 59 157874701220607 55 152277587209462 68 103189416186322 91 112318188513057 60 70869842237757 100 126860881913326 43 112608559463703 28 22209426188095 87 87737803677737 85 53905052344382 69 109609550772360 65 101202102265972 88 146581611607777 79 84850450461654 3 125838778695448 35 112164486318265 17 45994439556126 81 119576814049573 22 105371200530402 4 114545993065970 36 108708884290350 9 94793856010306 66 136439029556932 73 75527968379143 51 93353192214059 15 129579971320419 75 124626255523767 12 121998321820164 47 57415448917040 62 105291344234069 69 55162193360967 4 95180987703393 88 128024942073414 62 65958629986483 35 133042410870422 22 65979055702144 87 131760513246629 59 172158500845017 81 82668912054608 15 94142849147535 66 81409797770869 61 95583673819898 12 74211906159066 43 104358629153456 91 120436636680734 9 140378095067649 28 139209895833842 73 60315255562066 17 155589788928953 100 92499148077438 93 2629055381141 75 50109971797859 60 94051802854264 79 133143124208537 47
3 66
2315907368236097 84 2362479328247771 19 2395069719302333 84
149568866646836 84 143944730709845 19 114467061559573 84 116758381149972 84 122095487132010 84 169926842326233 84 113189103612480 19 64643888855426 19 62063828302274 19 130381441214209 84 50908377389366 19 109666252755293 84 108078116270988 84 75200605610590 84 105778860250712 19 120646448604176 19 169665528555714 19 192204324722810 19 143862797862420 19 33006279528680 84 192750440814190 84 101754458427071 84 46418488739552 84 80002611859465 19 167147729476797 19 128836798128812 84 160630101182025 19 62805733842550 84 186133108356087 84 66944100754712 84 87939313478238 19 98166690204467 19 100006459432805 84 67401876816303 19 161032492535577 84 50932351000358 84 134262805956657 84 103221678965608 19 145824421132525 84 139021462732986 84 122382615127010 84 104507011788393 19 131986590086339 84 79136422482830 84 189658605314222 84 131269005861700 19 78804632866814 84 137693725899345 84 126260291102372 84 95734579445538 84 111042443232922 84 134243069962291 84 151196803628655 84 142086189104041 84 23878238991993 84 65641052634158 84 104315373072299 19 147119770195876 19 163245910195618 19 90022890311071 84 64247763607980 19 94514149393871 84 101776824651869 19 157677244099565 19 100262400727531 19 140473945782182 19
3 98
5887048452326767 32 5892717731337068 32 5852671704601313 32
138780671425393 60 113662466536563 32 79110769232269 29 229178877803714 10 163500561200077 32 147669066564397 60 262182751288050 10 328665972365374 10 209470652216975 32 216276480386168 32 71544322378378 60 59498011523904 32 19515620768338 60 256046904717723 32 130568718992504 10 154172868917030 32 19895650043091 60 158024986838607 60 138877842682903 94 338462078288828 60 188334264834929 94 166077464431808 32 114388597397038 94 237245079616291 29 155572143624617 60 38457973413227 94 243609436795608 60 281988705996142 32 167008232144528 29 87689844479467 94 195300878324697 10 220614214069924 60 188974512770114 10 179221200910711 60 152360525253442 60 173156467806018 32 77383078607939 32 238009400826062 10 147195368207617 60 99548383412549 32 148845293732958 10 241482743191546 29 175872204920228 32 134870243295253 10 234158707815524 10 310800331842263 32 160897841664014 32 195992966181422 60 197386726699468 60 148428423666218 32 292620995648934 60 160287228511276 94 236714726344753 60 122083022145531 60 224089425569632 60 199402991800613 60 163644382647467 60 223927580108446 94 190501751776753 10 250208824394500 32 119115539352653 60 163653556758335 94 246917908852338 60 85973201340603 60 237422598629594 94 134455549316799 32 293145959061430 60 115579989562755 29 219496183822472 94 56672107683629 60 165820766469751 32 120104577450856 32 306699618295320 94 172060444360153 29 134473300359194 32 212264652545716 60 200051039150673 60 268003038161239 60 156618272526645 32 186099732721738 60 172825209213144 60 60649611789200 10 229928930075926 60 281538054338359 60 94148133644864 60 195935421496386 94 175004523768425 10 280390341541005 29 207785088322314 32 205241342697066 60 96722222473035 32 74006388848222 29 161443588625778 60 87767198126743 32 174836618065573 32 217897398670890 60 172911465344647 32 235040437112671 32
3 81
5744617756713289 24 5774163018682136 23 5905439691576663 27
379639713303366 18 71753099929337 27 35382451725464 29 203032613158165 95 206428302188680 24 123185909782988 91 215015907654301 20 182978980403412 22 122956650146876 41 132667018820801 55 205410816470338 6 247500537523568 37 92602403117297 73 115775590437476 99 281055706934304 75 170354965209179 40 223773278918361 74 229409624353896 90 64296923345751 86 199271705345576 96 199735170615336 97 118302429554972 72 112124900447147 42 359047758296450 9 295168404975867 33 199610213318486 58 329221551320997 21 279185591161973 88 191609623012301 56 198944474836108 78 121563999276438 64 226999453499946 51 151241195077510 52 74291273413723 50 171957410180712 80 178428448303345 32 217560372486421 100 147795789355681 13 266450496196525 94 337153033482085 34 272818754815468 28 215792148956924 76 297792128349306 85 104280663300025 66 159089912224914 47 147747294265944 36 160915921037544 38 192591275804050 23 297524449101251 63 319633505049708 43 54438370301602 82 198096741533478 25 228546011328926 60 140967041018830 68 255655828165210 67 194880851243267 53 177939095392114 57 121418959016362 7 257884286672061 87 165928455407904 44 264085705955662 26 223058802684403 45 188365030496321 94 65660806422429 90 51680613857599 18 112064619198781 56 220697679820809 74 251031850568411 82 274094042191590 72 202607560800480 37 251862629291191 55 147175157859070 33 200570041490336 26 202234329616661 63 159464748904094 9 197429977495579 40 207794579296518 78 232095820036628 6 345662974311099 80 153712426823534 68 238746853859262 53
3 93
4678901403523669 51 4643373041389568 62 4684553229027424 51
148728853269248 51 175062942706161 51 172565563220667 51 176749320168732 51 145913579781878 62 148602688291966 62 155672023683694 51 153954300506972 51 172418040755167 51 169926814785018 51 205298000228505 51 194717138696466 62 133944860904891 51 161329434831832 51 153024734922584 51 140272360100745 51 151665249886713 51 163512627128048 62 126859508728353 51 140163783833287 51 155953291311952 51 175638636705496 62 153726245105650 51 168353133774621 51 122868473724400 51 132245021673921 51 188132429385914 51 180555260012683 62 203931449496283 51 134235712964583 51 178179140275993 51 153949458512515 62 116107541727952 51 151529569219234 51 139398635804396 62 103888121367204 62 149891250671087 51 154827078617758 62 162531589756957 51 125744481958754 62 174790998996451 51 143965229460097 62 141564646711516 51 153720828452580 51 184644308676665 51 174791311421017 62 173240869522339 51 129965105187192 51 125833555114676 62 118383150698494 51 152870021091691 51 125775620055766 51 134313219393354 51 143657280496719 51 157861561815714 62 108083867106155 51 162472649220041 51 142032323228472 51 133368687905936 62 150598125221406 62 180079535206199 51 176208987420199 51 162417216919072 51 153752950814697 51 135771105765812 51 151344430896034 62 158428371723252 62 158680656834889 51 168665398309667 51 152127966726178 51 170081047242441 51 177776096450974 62 152160644250052 62 139386068828487 62 174726500033014 51 138481902747053 62 139126892421178 51 171832822704153 51 144476875431019 51 129066389940514 51 125736800946705 51 172342871788268 62 178624168758675 51 172728759781997 62 138483882954116 62 122296936660787 51 171185364707815 51 135742450818596 51 133466211538218 51 197447035904885 62 135771838788585 51 168107410180147 51 161454404663739 51
3 7
174788580023885 100 197547194590177 100 176306941087539 100
90485088175819 86 80912142737145 37 79538965687443 86 71940679211290 86 78730964907647 37 78812974920265 100 74858150715727 100
3 12
745306350163980 15 769789142958893 73 818391195919962 35
203952479960824 100 179360511247950 41 249272828931613 20 235417592807071 89 199640856042358 82 190855705232919 79 194520918058043 43 244234861557653 37 197433943743353 15 186132764084374 72 205613415305972 63 163354275070165 78
3 61
436142321151345 65 710588988961177 13 583173152297747 65
1 13 61856395015807 13 1 65 1 65 52868156550815 65 129495376220979 65 8861479428122 65 67100934694179 65 5276163466790 65 27687900972529 13 109424143315128 65 69785215179458 13 1 65 29404854997429 65 1 65 29815822700785 65 80717549511160 13 116727150034510 13 147814433410383 65 1 65 76303825070044 65 24718583014945 13 78498321898711 65 30659791530555 13 1 13 1 13 121032955950504 13 1 65 6206574422202 13 1 13 97477966385275 65 31250970067736 13 113006537157031 65 1 65 148140134164949 65 1 13 1 65 112054024423133 13 86043709119771 13 71665610583701 65 1 13 28273325065185 13 6290988663983 13 1 65 53916951286459 65 31526129216391 65 1 65 74670877733599 13 27906887104377 65 89754365600632 65 1 65 1 13 1 65 157539464412598 13 18980165850858 65 45369749850883 65 12686234983585 13 59286118894835 65 1 65 1 65 1 65
3 60
390674763301205 67 381945637920459 40 395748713871375 36
16664810750164 67 28587944972427 5 19678113119064 40 22410064940688 36 29221794859933 67 11638903144231 67 24337147653156 5 20574932298180 5 19425831693956 5 31323998493050 5 25132896827210 36 21311582584054 67 27019775674607 67 16318819497412 57 20200820939697 36 34121922919774 36 27134897118662 67 17526619545367 67 24239130070004 5 17830947269662 5 14056165917430 67 10341207982229 40 16989361340385 5 23029083773476 40 19042516234230 5 23456677623278 67 16335196025185 36 38709508621570 36 16141879762698 57 27648801083876 5 15241056742753 40 22489920997718 5 16199482844795 40 25344871007169 67 24885331193018 5 13608462765886 40 11190073579327 67 23317441811064 67 17067372938662 5 24455277264381 67 32412482339760 36 16235071669368 67 25509331947702 5 19633484913615 57 13972015793497 67 31083520152815 5 17784862458317 40 406380220247 40 24943504293788 5 17385517779050 5 25321401006034 5 27129242694362 40 33186189975893 67 5893919000285 67 29496608737791 40 22181318102362 36 28179257022454 5 25684952057159 36 12885440103855 5 33829385591661 40
3 24
1079522788119659 51 1081805530639746 98 1085939481182680 90
140084407642214 6 137471586546905 60 135394065609583 74 131736281363442 15 135534075155992 19 140656535997542 91 136215395282637 92 133444151948145 44 133580314944503 22 139560434957937 64 141574268763126 1 136808690148334 62 136905454128217 45 139575941119655 69 138940976760397 84 136350867511747 47 137192004716209 33 133212440253898 13 135009955670226 67 140216950892633 42 131791785627205 72 142385172116908 25 138996018473259 20 132210944612694 99
3 47
903188196253130 84 927631615086580 5 943483421741110 84
97516143495781 5 54929422805581 84 46285694448934 84 67225970865039 84 9804666480392 84 63524149514512 84 24004938007854 84 58418685008709 84 105790769003363 84 80011748214877 84 77064582857829 84 65888320509892 84 37092008776794 84 43177494660212 84 15628061273035 84 66651143649781 84 39174020824074 84 49233484453678 84 90157299931001 84 88828424614723 84 1 84 45946837811134 84 77311368919350 84 66288027146751 84 32045200513887 84 62109870740285 84 47568526281853 84 26903500897634 84 18797016171618 84 81308914586812 84 75892163134663 84 95706838415873 84 31062431429341 84 80482132588261 84 67103490299466 84 45267298747191 84 128915209796478 84 64001537397379 84 86383969120467 5 51665925613719 84 69472021159957 84 78374307619519 84 7843002090394 5 82182846518504 84 59678982099883 84 72604456679421 5 47574498300605 5
3 23
165621876255440 49 170415878601596 49 165621908595274 49
15566713495758 49 24642547667689 98 23486198437661 49 27636069181191 49 21528282072127 49 21654582494845 49 25655736627291 89 27648956912490 49 18335792178338 98 30849712478357 98 20406580030565 89 24627743338186 4 22547958867880 4 22448451066851 98 18252203377266 49 18029813455136 4 14828424855754 98 23429559370839 49 26366463614622 89 23738006228008 49 15110607036090 49 28572581467779 49 29525278784875 98
3 15
407862752059526 89 346892518444940 72 344175811666933 80
100064624975772 7 72478055306778 80 101979506169550 41 47648604084510 78 56515887611047 88 26481983970199 9 46368234993239 100 108670563897128 56 55231070224543 47 55151875869832 49 85544293262673 99 58544611972641 39 79418317398338 60 71818849768618 22 61099567408516 35
3 54
4597321872724094 76 4496564129190097 70 4396204637820376 76
153409832109355 76 349298718297582 76 261350295822230 70 245851681104582 76 358824309349216 76 390528706662825 76 263914760377972 76 392896488097901 76 173332495878499 76 234573144891486 76 343442515093446 76 292647751767665 76 104897712508591 76 380962458905110 76 393949762164874 76 323807442222884 76 169534361163841 76 198691673682021 76 159075031636547 76 288229643146894 76 220201861961258 76 104263509640620 76 149575424132250 76 245067100278894 76 340208111139271 76 161928627826640 76 128529348073281 76 383563117506179 76 337130331066085 76 347848225042959 76 329852352135728 76 336382168715618 70 331357834199539 76 233278242483971 76 266014484832201 76 373641781936146 70 338967107280406 76 268433396661070 76 257811937781392 76 319965067360097 76 176532607111809 76 247576050596928 76 124492171045457 70 348301239219013 76 331915868436102 76 318206964588022 76 189754161530659 70 215854758321842 70 145661167234491 76 162642924143327 76 396276086028415 76 273021752638812 76 233005500883243 76 277129008464154 76
3 76
7317193483617412 70 7351277144418597 70 7292963570273839 70
331118344573683 57 249374359140326 70 321996887944144 70 221422632520729 49 387615754680111 57 285885300215038 70 322272536804644 70 297655719968891 77 287051609376333 77 192730266004824 57 243123052067115 77 275146397197224 70 263154647706001 70 310421033812762 70 337824706306521 70 280075632251443 70 340424817035307 57 240372215109486 49 299176437577332 49 214589470609605 70 275911665713485 70 295497595480243 70 307691953869439 77 269649010291777 70 282263788311250 70 375279226540349 77 315530284869961 77 293517176720669 70 233869218460980 70 281445441638747 70 325248462862866 70 312476439526365 77 280049308149710 70 320474799234287 57 323705987545374 70 276278792095789 49 212105368245082 74 298087163750948 77 289509497554522 57 276939128900231 70 303168676311180 57 300755309558517 70 247109634042637 74 308526667496982 70 332914870301670 77 235418999974990 57 347185627544171 74 247002418675996 70 270322989470802 57 287002029579195 57 248095402495102 70 272996532205038 70 222222346898109 57 285836306299013 70 276527696947875 57 269250961554870 57 265895485398087 70 254814106429564 70 302093869647480 77 297120352884081 77 225755324501281 57 283448814169963 49 252001728531796 70 247196316646560 57 273432278933568 57 368089353116729 70 255658561331010 74 302487161819988 77 266265543373365 77 262667305467382 57 328924118614130 70 321738322917416 57 341240077351553 57 281744955759159 70 294108402615144 57 236636598706733 70
3 13
921054646284107 32 839028014907064 90 836200607039424 53
308640768100678 66 294412313735367 85 162658051309053 8 244800358245433 61 142043344383577 70 329678771914222 78 307230386954888 12 191923300012493 22 249012666575851 72 173379282795494 30 203453548098490 55 93156275040916 26 73826656085686 67
3 60
3594431484282913 44 3565147823700666 10 3516712350809357 44
82350694518065 44 162705672072887 10 232648885757516 10 147007175120876 44 206822610227914 10 98944754957514 10 172638493042731 44 168862058500544 44 134855674896293 44 203890165145059 10 270809663365206 10 68337971212080 10 205000604846901 10 128396451788931 44 300691250224480 10 131853425327955 10 142321751290379 10 6917738504008 10 199699314191659 44 198437297959518 44 191189106433178 44 273563684712274 44 116981341471474 10 163250279281991 44 174973289292619 44 109567554185808 10 185570881991377 10 112274752861946 10 239468416406302 10 232015413378239 10 193325277640093 44 238066204054234 44 145003451483386 10 153969854206700 10 172957467273046 10 145465068005359 10 182067052897306 10 124980155615475 10 118619600354533 10 114670785972953 44 195043699142792 44 181987378035887 44 194227940706160 10 128651554795277 44 151468625933263 10 278238554912387 10 158128985415082 44 279997972197801 44 237709249571651 10 51959397945816 10 282183024942906 44 228603984982375 44 242651100789155 10 106758215834761 10 103338938514872 10 233467707733220 44 199716254397708 44 153492776630961 10 160538754616993 10 142425676967676 44
3 44
2765629296804546 75 2859118620474999 76 2815322944260903 62
185758860261017 31 163865462680272 31 179019160130957 4 247478079270731 62 207347768220501 62 174151419922464 62 231361046583493 76 126364977894671 4 224969052958594 31 198659815544370 62 225644310021327 75 169582544250139 4 270869830721529 62 229834242453889 4 221745185399774 4 257123346082820 62 161937119517111 62 193927532363665 76 205439077831391 75 182113694468886 75 157914824870019 62 148427371790959 4 112609962278901 62 191428127103963 31 205638369703329 75 154358064064311 62 201326256886642 62 237708589765957 62 210435140230394 75 277503241534566 75 219931734138053 75 206049592002770 4 217871058762852 75 191845519629303 62 252018427757074 75 186368983956997 75 206420439979340 62 140413327028152 75 168130794180763 4 240831488899357 75 219067870876781 62 211895279672224 76 163063253930992 62 244252920974641 31
3 6
163786542189196 60 155354859273206 12 151938604006137 81
74220257905618 50 77919720187995 60 77762570585924 6 83328075675691 15 81892072549647 51 79539139219966 64
3 54
4811765685263924 42 4815376515248776 30 4782802535114861 42
290506434689249 30 240240636874012 42 249395075146484 30 314536433321464 30 289102447805307 42 222010411682117 42 276010682777867 42 219768323754618 30 235088183444146 42 230960513869786 42 265540571507493 42 236387803630057 30 217816487609116 30 247082845707820 42 257103679449318 30 193254662394172 42 253111330639953 42 305648824987987 42 215099339783877 42 268650778842383 42 242219775426500 30 306777629983544 30 372301448850419 30 220551548455898 30 259243415112731 30 271273967922402 42 244191540666188 30 290988124550700 42 296243722153129 30 237700434494046 42 301130137869337 30 232089033985516 42 291628060051708 42 262703235562253 42 226705015957799 30 264564561647024 42 271172052886121 30 328887055975238 42 235330052364962 42 247062567192180 42 285638388629153 42 322419741278919 30 234033688057751 42 275123633944681 30 274636614829350 30 266488993133334 30 209033505508845 30 308735559444561 42 236595219902801 42 268022645166663 30 228988227868552 30 235369087535360 30 211218244648503 30 264523750889966 42
3 62
217691253118085 59 309298465210015 68 321379264098648 96
390136483724 59 518065026918 59 1 59 55298711341899 59 1 45 98156117012274 96 1 71 37717283852139 96 56534234200432 96 158267730076914 59 1 45 29222488523594 96 1 45 1 68 99959134833233 71 1 71 1 59 36848085963437 59 20339683572283 96 1 68 78759980755385 59 75605545947710 96 5866136046646 71 1930021295331 96 1 45 1 96 89654292661369 71 87163849523764 59 1 45 1 96 13655615999141 96 1 59 1 45 1 45 1 59 23389865372263 59 1 59 1 96 74124924167225 96 1 59 1 59 1 45 1 96 44040993272578 71 1 59 107549137991678 59 1 71 1 59 1 96 1 59 1 59 30060507815227 59 1 96 1 68 1 96 1 96 32341111882946 96 117874797383217 68 1 96 28325704146848 59 1 45 35496755491177 59
3 42
1987889487981021 47 1990448721044001 4 1987698105029769 53
135408918429135 8 136548658312598 16 144250202645820 88 142900032343346 53 126063495170342 96 130398377835736 5 139767517437517 54 120737600283451 37 153122617965239 71 139499877250511 47 154924845027134 97 151352373018826 92 145165790412545 3 136887145936838 59 141553188401108 64 159673996732247 87 145167950768647 76 135985652935258 4 151932276031984 64 147827068238727 59 136879798289733 88 141434098937546 71 146652666158172 97 122647926850417 96 141946300318375 47 146515295557589 76 145824673963792 5 136483925837313 53 144326741526499 8 139614905018077 87 155253679922471 92 127440629234320 4 126655293249259 37 121812569836341 3 141577224807446 54 140638073423654 16 154215466489787 8 148217771915977 96 146007989475236 54 140358284055626 16 132774519086445 4 153732675791340 76
3 98
4508985550608391 32 4510384863131952 52 4508320579903389 32
136809653893364 32 139880470304932 32 136653453447095 32 139013132549619 52 137403943662713 32 139507948608686 32 136212485500136 32 137737447296385 52 136448986150586 32 140578072420608 32 137907258243178 32 135919687088340 32 139649537010089 32 139261723856796 52 137108401718625 32 135793720793440 32 138610179141225 32 140416517240326 32 136781079977233 32 136638037567600 32 137089969810277 32 139698895653513 32 141371818738168 32 138378450604705 52 136556611896769 32 141260996990779 32 135655470135883 52 138457526106260 32 136972629532662 32 138930856203649 52 135423170906064 32 137841545992910 32 138730359355316 52 137654627621673 32 139090509505729 32 137983598777383 32 138356701460153 32 139614334322380 52 139811882291553 52 138617865995952 32 140136293161806 32 138348658602713 32 135722893678529 52 137739202841917 32 136583807163630 32 138256656533137 32 137724189073442 52 137093816768906 32 137360486109006 32 138448709924490 32 138166535868310 32 139403337972995 32 138175625481601 32 139883146975509 32 137919674289859 32 138296080140452 32 138433056603470 52 138171720578292 32 138975340746178 32 138548934600438 52 138219351855065 32 138740091691390 52 137746979334882 32 138343330061321 32 140531425358412 32 136267183213175 52 136848576732560 32 136453399522700 32 137749722306234 32 138842977420310 32 138901144185123 32 139609063211965 32 137432863021080 32 138496169416860 32 139189619173916 52 135155733972306 32 137434091927011 52 138181057662904 32 137478227716005 32 136835535910051 32 139248693371360 32 137782438369933 32 139131323051137 32 139284229031659 32 137793150901499 52 137918810102935 32 134847425399257 32 136290127545070 52 137839189877842 52 137615411440797 52 138219336401828 52 137929836268992 32 137381713498196 32 138088581993858 32 138231410830331 32 138576196258036 32 138758952250019 52 137214705045842 32
3 83
6511993386350764 10 6591203510747628 80 6749600462653364 61
175365213511010 80 171345334908519 63 291099875298326 80 179546532541094 61 155508270949862 61 331898949711739 61 320747946782494 10 193433860334513 80 211953282463041 80 189354694357205 61 247914330995904 61 352887350834874 10 254931031102248 63 275858751977573 63 303688997968698 61 257448064142166 10 350399705180235 10 439205143783076 10 320494266748761 39 341381568093244 39 243899901525988 61 404767435526029 10 200558804826849 10 406302639699221 61 248192550765976 61 370964386258020 10 274690670100643 10 353291305544386 10 74165270335428 10 238036190422811 10 181850453235707 80 110134650345375 10 228734093513981 80 120903642175878 10 161401202457753 10 275841493506144 61 334190983084700 39 252817565618063 61 154636958054996 63 302962296979163 10 81914715907449 61 45665633806200 39 211860884504402 39 365062743662133 61 275219175114032 10 256856714001965 10 91312652495809 10 337782722438316 61 78251805286463 61 179523697947860 61 269909620594419 80 232281820903612 10 333416243830963 61 205339110896891 61 113155072421490 10 176713000790731 39 157970130348874 80 483506676742885 80 302017341751274 80 310909728915536 10 159152314117424 10 102967926683732 61 255254021793518 61 284563430269492 63 58217926904019 10 203785958642439 80 237259211375736 80 82826998720824 80 143918227822262 80 156686838367178 10 343799944216042 61 190299092095478 10 225633563609901 63 177514363327842 63 353653043006438 10 309128885529935 10 449401499821696 80 152020086801101 10 386388522280327 61 278310081898356 10 194853728102603 61 136034887517261 61 138128701494235 10
3 54
4789569136112340 36 4765412323695107 55 4768875696578347 35
260060298548328 75 271321379453160 67 260681378451267 40 257622023583277 100 273205037646265 83 248094436851978 18 284720582829132 15 294777492306233 88 245340044664134 81 254275415704706 84 256647979621476 32 274227485228223 80 284873316676493 64 275297939474475 42 264453179402269 21 256942751427870 70 263169767032714 63 283000508541354 53 246147550312163 46 251433476138566 25 275599856745182 72 263426437467893 1 288808191303590 29 255998458956324 95 287299600764089 98 276740673351534 31 294142462206412 74 258728902086435 43 257497225245000 91 264036864354714 54 283861584626166 11 285878300033697 96 274925885507350 23 262523999232574 77 262880017389116 47 258601394905300 56 256341622173558 99 251291903577865 36 264422265743245 66 275524279758135 39 259427738045076 73 264420086828507 19 252801233676159 68 255996677961369 59 262002552945501 55 259282993574350 71 267674876796262 5 259541178086495 35 275648605791394 89 278339059464851 3 264958340498595 97 289664522927170 16 278165053646930 50 261468612542596 10
3 7
17239398988015 31 53958084864396 2 1 31
96833946545746 2 1 31 127945168544975 2 68079601919137 2 9208708049398 2 1 2 40670761668043 2
3 78
2600634680671410 91 2583090731207060 29 2602193840433277 36
132563383472588 36 54571569216571 67 91019657832946 82 126987951179123 91 55347056970193 67 103530649165466 67 90975646178998 91 164115644103629 67 126188811602934 67 113903800669562 82 83284691602551 82 99557439093741 67 108367655085412 67 93383952464803 67 98816265723852 67 104278190000106 67 113409221182879 82 118570890013607 29 96962853897831 91 105592387223098 82 66762909803019 82 136773868526968 29 82956176746375 67 66070380816248 36 99265676620409 67 89843562353636 36 129770222813088 67 75544494043756 91 99768156211493 67 89659942798871 67 113674472773008 67 118606921370293 29 72919267995473 82 104304530367412 82 112586585775650 67 64669541854130 67 112637970724283 29 92578201144997 29 83919393625099 82 116755890502673 91 75387661493847 67 122806925983791 67 88239432064694 82 144534179667718 91 86257862405424 29 86282588718527 67 170487565400472 82 131382819326421 67 155981963084767 82 130940846202795 91 97217749217911 29 155382408497882 67 92107511357810 67 94375266212860 91 89517138675230 91 78704251564768 29 104382488322947 91 98129681420320 91 103097306853642 91 70105242363651 82 127080141197083 91 94054569697500 67 112112812557986 82 129454829898949 36 93504415412289 67 93779145237226 91 70444389882156 82 116434869714708 36 101662994599158 67 113658275991500 82 115950154737780 67 96600042694934 67 106307916443517 29 86300653513479 91 117251280189338 29 46012320008285 36 85387280960580 29 90102266581595 29
3 50
2359845351466513 58 2500347167787174 58 2476298073658202 58
17673238504929 58 216090798362400 58 294776659095452 58 280353686061530 58 140870728170869 58 60980036338387 58 126059107733070 58 128666130471368 58 160292345948310 58 209056854485956 58 30343835095404 58 137284192325548 58 222259840346628 58 205835762626375 58 169806476625828 58 129074250059229 58 108332333720545 58 137952939011281 58 215395701185859 58 72887885752777 58 223241142652879 58 81084991431503 58 88890702308375 58 179381300257963 58 1 58 176540677567080 58 106803182337400 58 121786031320306 58 57780416105333 58 247327377016055 58 142008536553276 58 122578504503932 58 74791669039349 58 154592760905979 58 103049362797361 58 166553482142058 58 69876988447094 58 207109736280331 58 40812736966075 58 178571736961242 58 133464225738747 58 166963352011839 58 218964396518452 58 174789280102205 58 207001837232995 58 108325819858785 58 171069409192272 58 101337619455113 58 137323738117596 58 249794994164011 58
3 10
694927344996537 79 740077606270133 3 757139763333901 79
231799215463230 3 288317737603152 79 200142644486698 79 239305398698900 79 231116143950449 3 226750748930555 79 277134104484219 3 226070522148639 79 296948191165770 79 137611461432142 3
3 91
3412802069331047 27 3537494089490775 82 3468957325942362 25
50772999376563 82 149107873848566 82 354182141424237 82 218131835063143 24 51728953548150 82 112897744399496 47 83893817235290 24 126322663389518 82 64543905597874 47 65082614432307 82 132683819897928 27 65341458706334 25 134883871313047 24 132461141419625 27 128444903071031 82 42184316352327 27 60094412798257 82 204824714224886 82 159219656451470 47 65694812782144 82 106975219069861 24 123217264628947 47 176686051110048 24 21682057724279 24 63859048748634 24 44756486025329 47 98612610416299 25 61096365983766 82 180879814969897 82 54343125773045 24 135045584997342 25 126696379354108 82 104908501903964 25 26513412724338 25 248627286174975 24 109313153960824 25 92800313842761 24 207046647348099 47 1 82 59122261779100 25 98188001815643 82 21166940835315 25 124361505321405 25 60675091840777 27 157098691609110 27 98392545374363 82 39604134184257 24 147656768315501 47 11079682506286 82 120720181370874 27 54650194100502 27 125994599263525 25 88304189426436 82 76819523356756 82 110350746133070 27 174653469198614 27 1 82 137400190456489 47 165956132291450 82 81258180856814 25 183107166687095 47 196331413193234 25 81292531888021 82 69290727659737 82 95350676435863 25 149869156366783 82 62212415162768 27 108650297678319 24 25668564578734 25 60978338694253 24 63051782494532 25 57496163861039 47 86596128845249 82 84396558643867 27 110104928510001 25 107520731918277 82 91350669821078 25 156286228293918 27 31942795908996 24 54022538295552 25 90393359494300 47 46094818651539 25 148549777708533 82 169631384263550 82 61053633500795 27 237818993104032 82 127026301326007 24 150038724127851 82 133654980481394 24 3665316338216 25 10199040893837 82
3 24
246219120250058 58 344738391575059 56 250467234076225 71
79027352543688 33 1564013401011 69 1 95 154018525123651 56 36495114414194 60 41151063310192 7 118825792782913 46 32033770584898 39 20628653370963 77 225921758542273 68 1 3 1 20 10791866024299 94 19379222563453 27 83455621510642 96 46769891329827 76 1 92 20088381387906 18 100421253325714 58 1 87 50601567757226 11 47473021466168 71 1 81 41187003996983 67
3 58
4550015828759174 47 4348814222977673 42 4495391636621732 47
366369994524453 47 241039471716360 47 189957911370828 42 53284333587748 47 204923115285357 47 41422413665253 47 289427816437728 47 107008571878784 47 291380830066669 47 193548512965263 47 169340701919657 47 114610702918094 47 121454153246503 47 367001962275450 47 214618229939019 42 154336814254469 47 174754997313063 47 159968403228942 47 258749053731994 47 215442178522764 47 336790974165224 47 296113300582887 47 210530680312886 47 83555680735325 47 351267176997072 47 185225458893537 47 287614437509024 47 83922950139487 47 189931176861883 47 298042567814844 47 127005486632778 42 114064167284597 47 300696612243054 42 400208626874286 47 294060669571187 47 120709588327145 47 147563735591487 47 290821796674785 47 167614530411361 47 233031685505791 42 170504677106329 47 236925743031593 47 109457762671329 42 336632603468279 47 287347841128193 47 123869236334779 47 273855446273005 47 207213626139201 42 283585564644759 47 149635595545482 42 168844165378952 47 244175750928670 47 295348812109034 47 322923188803039 47 128750162910645 47 155023357329412 47 236429761210318 47 197874230241294 47
3 32
3084460600274747 39 3170227122589000 39 3146579596298889 24
509537879599627 37 283260923274949 37 192206266932376 37 259330019543032 37 381866927506837 70 300839865807565 37 307237447168903 39 305581515995531 39 293264295157578 39 321385146411067 39 273533183279798 37 279478161018306 66 352658998978391 39 198462935641429 37 273869189113938 37 200678648042905 39 314462090063978 66 398157379298676 37 254172386581151 70 299263832805109 39 324795722015321 70 385373311004749 37 367784937394293 66 424048134405835 39 297068571077246 70 352533791309691 24 305161479853737 37 173097811438514 37 314528237058337 37 358013003603784 66 358031043861205 37 306300816012173 24
3 93
3099076682874943 95 3057570760317195 79 3128754574011425 41
54307234107729 12 23529269014171 47 88694227568958 7 72279121491886 95 68591361579884 65 133163839180469 79 120543676849693 81 36452901874894 41 108209866375754 26 87681700031252 58 120242133747035 41 79867415886800 58 71184973877094 95 103170238976938 26 40670718751647 65 89857089516665 79 120836416093841 12 116609267799789 81 172128008912804 47 77309450059328 7 159094962481133 95 114609377484880 26 72707280526408 12 79076006511053 81 101480208906776 65 93306189233014 7 75302639793180 79 71352672048334 58 83645043627033 47 131713937036653 41 152851739585303 79 60844072717460 7 75928527637905 26 59666562539460 95 70273327523807 47 162479368888271 41 121543508578121 81 96042628931174 65 95708330346074 12 143495799920644 58 60556555134484 41 34299239872184 65 106166700646682 81 89624064223160 12 78454984766489 58 33877301294960 95 200360367390833 79 116833753378195 26 39168286294843 47 110681541679758 7 90849090317689 95 117877034271131 12 110171764549848 58 100974072978118 65 75626449097157 7 129955403544279 79 72114196694666 47 86382549333663 26 61081835214098 81 65942736106152 41 120756347534732 47 105062177882336 79 92608420492876 41 99189372832060 26 164165369869215 81 106053345153181 7 102273415924267 65 85807771513640 12 61568448284067 95 115046879049300 58 70520139611844 95 120520628001179 58 138871308939843 26 98216583618952 65 100270965839821 12 84431352143216 81 144112841025120 41 79675261367991 47 128963844361046 79 122382179645947 7 139424764678034 81 80151427231207 47 128189908220284 58 113760164378472 12 11963067799908 7 101623478310851 26 136901323805281 95 76687689610196 41 112073546073467 79 93303638799645 65 145475504502706 79 131319649559571 7 113441840297411 81
3 74
408101573904149 36 404034990253162 96 413154142332198 36
15041050089149 36 14161342258194 36 24214075441827 36 16450791015772 36 11922631171301 36 14892408846896 36 16571301196807 36 12980247064358 36 20246908121381 36 12472637798569 36 14016565610333 36 18444493019171 96 17060126434163 36 17428580887682 36 14085567754029 36 16964130778182 36 18618369288537 36 14249580367526 36 13065025693845 36 15970600095317 36 14384927875891 36 18196178527544 36 19297224763413 36 15604755416483 36 16021655254664 36 19332311625617 36 17811352728041 96 16466172707138 36 14948683883979 36 18260002173090 36 15078585323543 36 16343171294973 36 16677623315853 96 13467100609225 36 16877146772712 36 17058566285665 36 17439652276711 36 18142017097052 36 17410656710273 36 16158653412907 36 16188571084990 36 16158440538457 36 17329679923347 36 15445762910308 36 20078623210358 36 17148667089251 36 16292730810268 36 15714862580709 36 17712542996174 36 20676808102065 36 14411395501528 36 13565208112392 36 13394063939333 36 16951932913885 36 15546250407919 36 14385987087975 36 15472124597195 36 18083558118472 36 14302434503994 36 16392364585859 36 17215543446327 36 15314507844771 36 18259919093296 36 16259583211334 36 16593113339202 36 16253220129967 36 18490823137091 36 18715517455360 36 16668950777772 36 16227061376165 36 15786904751924 36 17831375160727 36 18369819698868 36 16747091357313 36
3 71
2719617559990481 63 2727832184468496 70 2718768473029873 6
152046877845462 63 113070483557348 70 109133366156365 63 55796749026048 24 102777499811940 70 119761106650228 63 98260633361773 70 111185035777993 71 104537700640216 70 108469186593853 24 122733980466920 71 95080112756297 24 120544052186251 63 132211676959024 24 121106300166084 70 114312510180766 63 130147404812405 63 99023041457053 63 115507278690265 24 145024715260404 70 105413442588197 63 125831302590653 63 78068440230312 70 145791583785000 71 85247236039506 24 109151734857040 70 138293354982291 70 102116211827090 63 99801793249023 71 143579888331198 63 126167369442801 70 128015211853799 63 137386749930184 70 115801773373853 71 94969024648979 71 130589224324481 70 137507380435579 71 120544685881014 63 91700937338553 70 115762201216491 63 129682957823558 6 74620355313036 6 75315400856223 70 122548220996136 63 100826408515367 63 120397167771000 24 132805774004150 24 124679471191827 70 121978173224197 70 136176060904098 71 130577414868371 70 109845359378860 24 135312146015176 24 111417850195714 24 105004353677405 71 139697711553476 24 119012066038928 24 100042163706792 71 94761539536433 63 114575545513326 70 118202332142670 24 116669755416398 24 119497730832560 70 76560002974871 71 134874845037101 63 115481870408566 63 121451400374994 70 110107766927370 63 119509819636893 63 121943257300866 70 109258005089071 71
3 23
2213963959445667 11 2335708632492663 8 2298597866738625 70
337973439355243 76 316358868892978 8 273713338211823 31 266748102056071 5 282541578827856 65 321067668432710 82 297310918649560 48 267260561122291 42 399682577611093 78 364841038286710 26 340490971517452 45 244136783788307 36 392119371973958 32 216033181733236 54 297393942498700 87 336784081602053 16 260955444475704 11 278438118402215 93 259315853019449 34 330114059609597 67 385021714217807 71 347419023732275 12 253913759075088 27
3 95
8978579626545635 46 9011815245391986 64 8967710694728540 46
278730489481836 64 312009516680394 46 202006573518784 64 370229565110541 46 209650837404582 64 252501526488529 46 268771384138769 46 279884256235464 46 236396239938764 46 259310361499759 46 250462686653700 46 243700232888371 46 322488044566062 46 306752824996703 46 334142320358069 46 226468152568384 46 278569070081731 64 208589606114174 64 265085877071277 46 242065122962067 64 319552005446247 46 280092239102815 64 308146507418348 46 255498144795836 46 333201051547090 64 259876770660096 64 296476254378467 64 329482504409283 64 183580423011133 64 337912938772790 46 314687786923324 46 213256527088753 64 219256972055757 64 294656053769892 46 323937321809948 64 303558101445727 46 327732993530580 64 315870851257195 64 274630779979294 64 288757349939931 64 196675283888052 46 268421372428384 46 328232917927738 64 253415827212843 46 265284817661825 46 264199035310458 46 228432028583660 46 220615958002868 46 271494305300516 46 268360502008701 46 292803594555678 64 333370921602922 46 297870338918705 64 307310845220122 46 272803845334319 46 326396456613371 46 317818675361584 46 349450782522461 46 290653332414429 46 302400322234168 46 229610121297415 46 297680687090509 64 320675341498398 64 327899256446996 64 220513858249560 64 269014332526130 64 319257728703227 46 306736933087876 46 319280553948379 46 250846221195612 46 296146359279099 46 287087897980097 46 339634339736146 64 380123108184591 46 365302358354824 46 309249491554732 64 304682656378019 64 291003399398782 46 351033015727026 64 338317410065134 46 281423514127626 64 262881519477410 46 271848091884588 64 261221872838415 46 270578260184415 46 188463681266069 64 226067577336276 46 386669764335702 46 268992288243511 46 367094974798795 46 203425958552108 64 299722579868597 64 305214429392065 46 285187191816550 64 312934346962869 64
3 27
1398908569837772 59 1391075791358828 1 1412383916822918 59
185137519250210 1 129056030563911 33 178651623830089 1 137394700741858 33 160621685716688 1 119340777532433 15 147729938728618 15 204572369168240 15 149972387452821 59 131910094051558 1 164389357032049 1 178327245456001 1 152793068639186 33 187525659563790 15 159171097027236 42 123956722261910 15 155814131446502 42 151953488437649 59 199207432746342 1 123304020148714 33 225655074511839 1 175574232277015 1 144616299877719 1 169777062326228 1 153858587752203 59 189207987983255 42 143752007027328 1
3 100
5465704422411036 12 5498375788660806 96 5511266250305028 25
72125600838544 65 142428070986184 56 215591422327752 71 193558511091617 30 210643937061605 12 147186785501057 28 215473730031513 81 285224080538904 68 143567515070491 39 114776234960166 42 182279557451365 14 245742465080474 87 207115330398217 90 198301184397162 53 90592412246965 72 225920855800676 94 161860740997496 35 71059158982190 34 108099108255258 41 45597067149182 33 192845678825251 74 160191884054927 15 137537758110643 98 147654001894260 86 251183618309590 75 51178373222793 23 90198085270246 64 119161635031808 3 122514002631462 19 171441185886219 9 238071652236326 11 164524533445541 55 213654253821639 24 87185623194953 70 73200583415322 20 99114059910764 51 169873183523048 50 127248210286320 43 197624568700393 82 149598113272995 54 91726094424598 79 225786603855135 22 221545867835959 52 183823701213237 78 187815408335592 91 224327579238601 18 191467291903714 57 225406678076252 6 175285958155478 93 216913653859692 92 138404086490116 77 87091779449464 85 198644461987394 49 277501397616246 84 189938037673687 26 132029180619604 32 156278690991514 5 201329979192853 96 56040994119872 76 190590421666979 60 117192907863903 45 209763337272173 36 167057639252592 40 85109042613041 89 89041253856121 63 191520363494632 37 122145030803842 25 228470515773979 38 153515508965945 8 289360958642960 17 192202559887398 31 219129890668470 21 164400135630116 67 142488102183523 100 175614913950392 62 216622303142227 59 110118373504084 31 216717283821646 51 229748369521777 50 197013611824511 39 246742356827929 11 167972053470850 85 230633956046828 56 174387173424789 12 208048733067948 38 61502287915440 65 199400834417504 74 191713820656888 60 108784746897904 14 112976159568819 93 166150773063573 42 116330022769979 68 182857159199077 72 211754964023901 40 126683425374030 41 285884545370406 86 124388414630239 77 141507785015042 33 187976335212730 64 165445146960526 21
3 65
5123946510069104 77 4948962748650975 92 4979364212774020 77
382200144314479 92 325259524434484 92 109814385174679 92 221797315487977 77 199121631201794 92 144042230797425 77 218112953543769 77 121945934167555 77 183832008480010 92 249474459446722 92 250617344295764 92 127259279524504 77 350347520836475 77 334352285169022 92 312071022145469 92 207287200558394 77 226935605346394 77 44137467309548 77 400512293015342 77 492671091002296 92 76477858986915 92 287119154131901 92 321276690238394 77 231242073874255 77 200073941645388 77 107211651416532 92 201789917549629 92 179544700484322 77 226470089894155 92 106035617859933 77 166386786584614 92 187508672965763 92 450986846311 92 217177854246171 92 23947511561832 92 191984377687545 92 350242518575615 92 270068930428262 77 314050811394245 77 226064895454360 92 322186365298672 92 239806345219755 92 330749068452736 77 281441385902902 77 249749613186625 77 204394331621874 92 309540701148083 77 161625296169365 77 115311532553892 77 405961454252458 92 262576650060507 92 243280055156033 77 175936745031519 92 257762742610657 77 1 92 358481518859266 92 267412768099515 77 18988118381028 92 223742474284590 92 159738872334638 92 193472240743348 77 216724214839797 92 115559265456056 77 164872771035272 92 188734712355814 77
3 22
281609635152127 20 82921011085833 2 152666725629089 40
15310023992768 2 1 2 99533055918960 2 1 20 176468250346301 2 1 2 1 82 16666990006930 65 1 40 1 2 32166388969075 20 77484270436683 40 108538688222782 65 55851186477770 20 1050987324885 20 15991306215639 82 49558792863257 82 46343104376118 2 56156279895226 82 111712700804838 20 1 20 1 40
3 73
4220201934117560 23 4297483247398014 11 4267490098717524 15
106761425058359 10 227562291428169 11 100056925659885 22 173572956286674 23 163332143319551 15 167805164424212 81 146983762484846 47 127798080892629 15 227644102463944 47 158557334811328 81 159613050426791 22 221423568095165 11 140259083804418 23 226557634685020 10 182961982014385 23 187811154407966 81 250755284321570 11 164640311162235 15 224630995614788 47 146630719453884 10 221872295781069 22 238870042524932 11 228746349995690 81 148639986139364 10 174133472102130 23 142821357188940 22 169272643005293 47 181490029886600 15 173859156237335 22 154643148975603 23 110656635850609 10 191504477232635 81 172923644004120 47 161312909584623 11 222757081243026 15 149537472672643 81 49336885137507 22 216363125708689 10 111653131823239 47 146923199394021 23 183972365342899 15 176025287163829 11 157388402137102 15 153222414776499 11 138868252468644 81 150716623012339 47 194553915917479 10 188656267616619 23 202961403853727 22 142650905902676 10 129244963684477 47 192275020161531 15 239177780574350 11 211546347873043 23 176351114523421 81 162048823056355 22 233594468342980 47 195255532449990 22 115047242847004 15 151886403917866 81 203871555713702 11 192419567142008 10 125727106190172 23 159726732962910 23 150517248809933 47 153756990411031 15 182005445813158 11 205097667248004 22 136266690331355 10 184434526582573 81 189897844935026 47 116349885379123 15 214593078203692 22
3 29
2546986933718609 8 2526378333591114 90 2532108810319034 8
252018262547792 8 259837636286591 90 272720330144379 90 261152545208230 8 258965328177548 90 258104967585516 90 268639694896933 90 268573184063003 90 260993047193556 90 270068282167487 90 252932311816442 8 265515710054506 90 266517933421603 90 264178503102450 90 249525966357869 90 254157113930211 90 247372915756023 8 275385411540750 90 266643088932552 90 261736392743661 90 270357976540306 90 259289356675765 90 248922441904207 90 253139997017031 90 279867793786514 90 253905978357613 90 254474926698900 90 263534864803239 90 270002988244565 90
3 39
3215428881713937 34 3115945456152421 42 3114110603445533 53
264250765512806 42 178563943254666 76 187376979145528 42 183986291063090 42 280968212478446 53 259381864023690 77 172309050490698 34 214306361911559 53 342229932951448 42 199966655619128 42 232554502394961 77 274703818713866 77 260940275702092 53 287726051646820 34 139000066887156 77 330085516214239 34 315287884158488 42 116639731775545 34 301198055669174 42 348556296249379 53 149317541780607 76 388345220481011 76 311785271628058 53 293095377316973 34 85597892793148 76 263902884508234 42 103634561013430 53 243646701779205 77 165548957101215 42 250245994000310 42 209819576712693 42 147159881310862 42 336432425137961 42 442723146533033 42 284687767058564 34 314811470621483 77 304429442142438 76 264081487193190 53 405904834639567 77
3 83
8047998939004096 92 8054650582815613 85 8051953160361548 51
292554062743026 23 283945545412524 88 298166964101920 72 295689058853897 82 293211584279964 18 286434035522092 21 290584355945989 25 289911083095658 70 286870099301326 65 289742946576884 99 284485751590195 51 288824194570848 57 299482711242419 73 286258392484502 81 291905318187724 86 291064113630770 85 297608950501208 59 289972167299346 36 288855302448436 33 293116300444985 63 290059143320776 30 303330532445334 4 290689822757127 17 291787907222017 100 292203236440278 77 295711732397908 83 292149319169514 50 284067743725305 61 303215411847113 71 285141248148222 92 284363709160727 85 286981134664223 57 285411809404963 23 291956745306539 18 293814032477390 82 292394269496437 81 286631637247039 73 288470538453484 17 291982465307739 51 285820899408466 70 287956221317306 21 294876390217406 99 281497232193141 88 290785703852992 50 287412952345011 63 290297985404952 77 294376320291226 86 288185998576369 61 289772531576274 83 290028499301900 92 289007834729410 65 293555605078760 36 291517307850046 25 292628929536320 4 292919674466632 30 294236247362017 59 287336348820218 71 287962493182808 100 290934872272230 72 298784070885036 33 293056973570663 92 293585558879961 99 300315566570416 82 282774559070960 65 282553222261156 59 290681638643797 73 289911975272475 33 301692100776884 86 294628144283348 61 289913981395767 51 287373363539189 25 287103034610160 100 294936284922614 36 287583280357111 81 286699611659508 70 296156880378676 88 293095954007838 21 282144900891518 83 293078071154057 71 293850985199497 30 301135969214182 63 278542702368456 57 290268889990198 77
3 80
6774777110062924 59 6761958358008881 4 6770507645823349 59
283003017326021 59 257964843741688 4 217902212320248 59 237161012438252 59 286454142816784 59 281933543312606 4 232593814298280 4 265404856122499 59 232163538419854 59 272650874744554 59 294208379046115 4 213953627199594 4 279555466056266 59 220648596427644 4 251272016694627 4 221511723190779 4 256371405508854 59 231787159606999 4 256320938349222 4 259013544819704 59 241395935774354 4 302584565334068 59 260447091220634 4 241367381147818 59 235234080875576 4 232915048946458 59 279612902975037 4 267383680046156 4 226512893763052 4 266840045630343 4 273513042499719 4 238263546907662 4 259022121625294 4 220909073729913 4 226569683666240 4 270147426451349 4 275093950394004 4 248511996360392 59 262727304029384 59 236489429403416 59 237726098593465 4 306301584578699 4 223941632730418 4 240012913221878 59 270405423400970 4 204014610404770 4 248653318424753 4 270832379625068 4 262079449564643 59 255894926443667 4 255632891344712 4 254416880094406 4 295730420146408 4 231667443409073 59 231967136803490 4 254004990054707 59 263673379869075 4 270894171454461 4 248821429276035 59 294935031208032 59 270555571709035 4 283831643814169 59 239784654415995 4 227207165554205 59 217612840526823 59 238698849442610 59 271043678613234 59 253680620832334 4 289556191778490 4 241341603702569 4 229078990925554 4 249502555564855 59 315216011468077 59 270379149247555 4 277185986781737 59 234343246371100 4 262799623280427 59 239869505727140 59 222140809010309 4 272128840534635 4
3 15
1131964854092486 75 1089505770554636 38 1064348960818067 24
239770767857749 34 206270719406898 24 240870187208778 24 272850693230300 24 176613140882993 24 267426531613183 34 136244926475851 24 297758060108830 24 196602360194317 24 314241505024498 24 294688870271838 25 275087045534323 75 170845798475452 34 212708976772930 24 211533348126694 34
