100
0
1
9
13
011
0497
9039
12345
86639
7959914
573017384
68540544826
32145655433361
52081002052138
5134180346254499
018821973635726964
060171285896245046145
820252813840330980505392644
866360884235124011799252076
051012271841077685553686598767
740299098518162954992321300666
3113347538451239486060121426942
89361459635304458328229241256140
347628665695181180104520713482412
0250980004336284646260149880570080
8960178993112460870326222665194015
33352356467248165372552257793851982
051414959680398158557090771649406229
0669654027314253678988660820470361479
27758187256719083538423239953031873648
258465557653802423579222566321933927195
481133191312948198529988117914251491209
0000000000740299098518162954992321300666
0000000003113347538451239486060121426942
0000000089361459635304458328229241256140
0000000347628665695181180104520713482412
0000008960178993112460870326222665194015
0000033352356467248165372552257793851982
0000051414959680398158557090771649406229
0000669654027314253678988660820470361479
0014390365181911727450596647446259821763
0027758187256719083538423239953031873648
0036633366660303000663666036333066636363
0050500505505050050005000000555505050550
0222862604202046260200044066682648626880
0226264200640408088280246686240406448060
0258465557653802423579222566321933927195
0300003333633360360603003336663630360603
0500505000050000005050005000555505500555
0505000500050505505055005555500550050055
0550550050550505055050555555505005000000
0640046480204826426426684622640426424664
0663300630630336060663303330063636333306
0668264288844400848806862466446486240826
0887193955655984559355692301072646912093
0995417846325849841675320805970869070076
1111111111111111111111111111111111111111
1261568685698377380952394007726060642763
1460152764571610968333269830068158468049
1512276224600141189140143552974886158908
1988056760136214461560531793525433524024
2484288464886042866606080840840208448840
2919869519678715917518421886292390522520
3281075062173113331900004297232437530455
3300333666030006000336066600336366360063
3300600006306333063363033006036060330663
3333033303630030060636663606066603666600
3336603600006000000663000003663003063633
3633066300063330003066360060060336330606
3779504478876684873405076839734610843913
3858494112259084396724726116800621610739
4204204668268620802042844282804404088882
4422624440624066060284048260642806600228
4660080220424042268840804266446660064222
4802669943891147207095443765752168400917
5000055500505050050550005550005500050000
5005550550500555505555505055055505050505
5050005050005550050055550500505500055555
5155754114778946059209127019163077214514
5500055050555500500005005550005005005000
5500550050505555050050550000055050000000
5528484389330827090906104414972916035585
5555000505000505555050500500000005005505
5657213392236874883717016561743102878232
5962566515073989612504330993934876505944
6200826424466668686640208446624422022640
6303006366060336636036300333036663333036
6366060033306630633660666360366003006363
6691159185150195447377326989822350798278
6878047953485590762315052659270678080103
7060816673934792250905005647124135865884
7207096016132330983711602415562093145641
7548235986286437544652444712498921788504
7777777777777777777777777777777777777777
8095982586096512943538537763490519894208
8180501223736237798737496712817590576404
8254149609355466798549497577647821826665
8420880844646080022244444226686424468602
9262253545461893640951174744682172318229
9872154887939966590114260615533840602941
