20
2
0 3 0 2 10 2 3 -2
10 3 2 3 8 7 2 0
3
2 1 0 5 10 2 4 0
0 3 0 2 7 1 1 2
3 3 0 5 1 1 2 0
2
3 2 0 2 9 2 3 0
6 1 1 4 6 3 -1 -2
6
3414 2 -25 61 326 54788 -7 61
181452 8 -10 3 6717 12710 2 -498
223505 8 -62 77 280 13242 5 595
101271 3 -16 37 8692 213187 -4 -883
265384 8 -81 89 3249 13934 -5 -37
197549 4 -3 78 2761 22851 -10 560
6
5244 9 -52 -46 1000000 138 7 100000
5796 5 -50 -49 151101 138 1 -19306
5382 8 12 13 492150 138 0 -23322
6072 3 12 13 176929 138 0 49331
5520 7 12 13 479655 138 0 5352
5520 7 12 13 225569 138 0 6332
7
5934 9 -21 -18 1000000 4337 4 100000
29992 9 -26 -25 409257 20263 1 -25290
36679 6 -12 -11 411293 5579 0 39311
7543 4 -12 -11 411899 21530 0 -39488
144840 1 -12 -11 52728 207041 0 -12761
81596 2 -12 -11 264622 240393 0 -30503
214297 4 -12 -11 105812 26106 0 -29741
10
129066 10 -32 -6 426692 42998 4 6836
414062 10 -45 13 929476 15997 9 8672
13095 10 -8 73 876419 10662 -2 -93762
3274 10 -90 66 263384 1911 -2 30689
167140 10 -78 -61 628957 27557 2 -52750
8735 10 -52 22 339783 4157 7 74052
13109 10 -33 3 999910 48513 -2 -31637
93457 10 -70 -28 532283 35185 5 99678
10620 10 -32 11 730331 364 -4 49162
8098 10 72 80 823705 141 -4 -65569
10
38864 10 -53 35 16086 28180 3 13990
38864 10 -38 15 817712 28180 -4 90874
38864 10 -63 53 760548 28180 6 -31345
38864 10 2 11 537716 28180 -10 97031
38864 10 23 33 559072 28180 -8 -61459
38864 10 16 97 490524 28180 1 38573
38864 10 -75 -31 716145 28180 -2 -65858
38864 10 -88 -74 841601 28180 4 -77469
38864 10 -97 -1 806069 28180 5 57455
38864 10 -39 -26 733964 28180 -7 -79076
10
67581 10 -59 -39 427417 30980 3 42241
67581 10 -89 41 392033 30980 -7 3595
67581 10 -86 -40 881604 30980 -1 66609
67581 10 -14 95 664666 30980 -4 -2559
67581 10 -27 41 657457 30980 -3 89434
67581 10 -61 -4 193483 30980 -5 -19077
67581 10 -79 100 347219 30980 -10 43596
67581 10 -81 -58 813062 30980 7 -75040
67581 10 -19 33 120547 30980 -6 82313
67581 10 -34 -4 243488 30980 10 38885
10
146786 10 -52 8 944263 8898 1 -79594
498 10 -77 -54 999953 183 2 96001
3255 10 -71 18 457259 12091 8 -46157
108995 10 -95 32 695330 8404 9 -67914
2994 10 -28 4 379193 9 -4 76983
9383 10 -60 63 600693 4076 7 -41553
168402 10 -99 91 942884 13033 7 -80496
20078 10 47 91 682060 18365 -2 -12811
1526 10 -18 38 975621 2972 -2 -8368
9835 10 48 71 780828 46394 0 -66457
10
57502 10 15 92 997703 35422 4 -89920
57502 10 15 92 205674 35422 -4 14598
57502 10 15 92 986104 35422 4 -92595
57502 10 15 92 933824 35422 8 -56100
57502 10 15 92 657326 35422 8 56136
57502 10 15 92 786079 35422 2 35056
57502 10 15 92 986712 35422 2 -96586
57502 10 15 92 67017 35422 -4 82457
57502 10 15 92 812200 35422 4 87210
57502 10 15 92 999100 35422 -4 11120
1
41525 6 -48 -15 3581 2602 7 309
6
5174 6 46 66 4579 23164 -7 -412
85683 5 36 65 4057 52506 1 265
883 10 88 94 4735 14443 1 406
10201 6 -86 25 9274 92692 -7 -617
174813 9 71 83 5892 5910 -7 -65
285460 8 -67 8 4732 20798 -2 -320
6
141689 5 -91 -1 7939 6218 3 -600
46835 2 -63 88 7900 126557 -9 87
28698 9 -90 87 4698 63746 -7 -498
126052 2 -71 19 8773 130354 -7 670
30810 5 -48 66 6058 4837 4 -720
3901 5 -60 76 4500 71622 -3 511
1
16982 6 -77 -18 9649 24362 0 29
7
74130 5 -56 91 2238 5768 8 349
291357 8 -43 47 1642 31316 -2 100
230017 9 -86 -53 6992 8841 7 -546
138027 7 -99 58 9701 50563 -1 -382
22687 3 -42 98 6732 162320 -1 62
69150 9 -96 -59 4328 12545 0 -404
151500 7 -100 66 6867 488 -3 -840
4
498 5 17 87 5702 370 10 -692
131183 4 -10 3 1185 11502 -7 575
357677 4 -97 -85 9211 16903 6 -629
52976 6 -43 61 542 117114 6 168
4
133170 8 -46 95 9621 15398 -5 867
125667 4 -39 5 9888 64831 9 918
164420 9 -31 23 299 22504 10 278
21892 1 1 40 9450 2336 -10 -858
3
32850 8 -63 85 7913 18921 -2 123
19668 9 -85 11 9259 2966 7 206
754 4 -50 -10 3940 55473 1 476
2
160815 9 -58 82 8072 11429 0 -765
58038 6 -70 20 3768 71946 10 -601
