500
50110812884911623516
82454322474161687049
82040229261723155710
43888989554234187388
76080994872481480636
31000989133449480678
20347716554681051891
81307252312806803710
60724991087828422744
60921779762715884565
81293908850963856115
78917508204029006472
70882039312990069687
13299960643054145851
84352904395398373840
40626756987282996027
34050435197250967571
78677094542239657439
42370070663813414868
64761410438619890805
98208050112813876747
69488250721170430239
45395972147131382570
19472927868874952360
30063656296856042579
73001580004753142013
82868058415110956642
90082256218130772141
63314179986669061792
94164354873350145707
43758109302643867081
83577156432252075588
42941631078777108474
99776666655333222100
20319266741314911102
42147633803923346481
26487440301564162766
90254059469224775481
76075190030685636218
37411965349651663697
16839267084185045006
46807453422105685471
89939464555606269929
88451880104769639582
32482385728877353908
35460736548355616746
45939801394726945948
10415357733207476818
29048893820012212671
74629967875267471180
30087174454289044289
58204206674586029531
67550263201603264664
31577709803148905130
42523893161768787442
49654642516137712108
19226101082636593306
78688431492068926649
90898810487519927061
66711095724066067956
77411913874931387938
96288432682183650818
60466314532960772867
69923548107249923667
12073119056774064748
87954857392551601249
44060228431119000257
37347217956895521599
63855012648562526913
65477256967647446396
82705261178867749002
40774304287386610686
50487172722610615949
12018384148762343462
92740384475387227966
65741246181525455729
43589351898493435603
80875083164301064308
89142570208077746239
82506517329407927622
80292704973990077422
54394955739072729050
16693133091634000460
18370936274161434739
91042740328037003492
14510045418025772712
84385831313458972470
32858909612841344396
88542606610787255478
41420103404062272751
52227034636334439725
36415263723044578987
13638663523726568022
33441943489229719226
97990521020636948408
30651682241248884042
58357913474944685985
25215473847171501947
10789154925749945935
23016618545111193672
89036659203180189470
29574221961178066371
28936802105110850646
40013741130321756542
88569498973148639233
41711170408516621964
89506083782105855073
64333860488897764303
60410487086247939283
40883524747565769703
51221327459649041790
70484816852199606499
88252640768980046473
16210532197682064336
90355871706041302960
50308494912015395692
69726407540128015207
53276581353896922425
28876049122246023986
47698212673566111833
87768732543575659583
63171254962975902232
17448349171710147660
94370539392347739178
98267593997973504194
61462798036727011521
40875409280031162666
60879033373265265879
26592378473636927208
24835926756317952892
70229138137614920186
96196590774789597754
45386347139817429855
90003641546917561509
11758384187845126009
90799324371220217517
19121460736522439646
38116492765215402474
82530854862903170463
80732889505249456348
50450270893446189820
40055703869100585796
80614525938843505934
93727064702916382859
56141045497544266974
70608539415415549838
26390639687968042081
36088708998426878598
51594317846307700677
35940284513236355773
30103673221533828580
30967538437568663345
10609994944069333527
93543643191094562591
93787419098858437138
96455470576435373283
90347317825312129264
67694145671654197001
59907637615065081226
44191550166597673968
14290917427557137785
97144284939836054048
30784449851727960823
78002225685227062493
13394823609070200040
69699409510723328716
40696896859870785878
66609058704660062652
66833572073872133953
30039043342453811315
25373551817682477333
84257274405600403208
95213273323861609191
95717074636154483873
14372733924449938329
49508758828751999466
85490023699172091587
61321599149107587048
44824277993984080590
15299047992401910975
45355425940405350234
40641454304554092156
10060881093431889830
17130829010816788213
49909903482790668509
10486666178296594378
86033618705110300454
73222637785393142016
47104110479269555340
86225232739015069792
68488387524505732721
11401185785160912490
50949682465347471404
35960156270612248680
19262715401001103598
94351743146942264128
75762425505297768120
80418713212710074707
83598645303213391697
81339754496721013776
81862926327040580070
38586079576332478530
95604184299835387543
74696099517308543946
68607660804892487355
49200691569120730774
86933743713964202957
75193839425941841779
96341890449944816501
31801791035948469290
43561403127798107601
13749078364393144329
46491231813892451001
37781355784319650561
40037787743130717861
16495351100708164149
81199399126479328756
53289730225308566220
64922620184388296028
10215409433279718951
80129886820249815646
58260664628960701013
51770268251507017663
50569477543853243373
43819815664044035967
44605539150496743096
29579608505465077450
96617556302598238616
23119136913498179303
22451757169813337986
86972688988168048442
46143184835372387126
24999498163933461561
29308973238009579627
36770504249015041944
21785741859753883189
92249794487212155445
76396959817538077346
93194784503610632061
98441968093638950171
55160097306245027523
80409196254499360502
50285725791739699877
57202445941616434680
68400706180966804147
42401487232618419177
83346155466967564300
81606621684969769241
92017694095247975459
13241922421326854473
65821100200474461166
67957772080778350479
65538673602693087652
57389119970966288165
35816150332198390526
72034026014536327074
92450439686107745411
44038074983875449388
62981992416345512641
95891973656407560993
10071533962023808322
20110417831303277780
10284868833400686345
14364227618511306447
80669719371235702607
75014474718556790859
55661041524357562757
55589396641507668168
35044937715693807865
91828768489837071963
23805251511589336786
83550165936452321692
61340968264230507280
69198765114857669143
38223624198499713801
81569527958336530877
65149527170061025863
31118509127472042030
66548280940106137958
17360896308206335251
46086973135385636534
98164850159706289502
98481030444476317596
65696527746473277079
28064130703057321081
62783962751507470245
31996171402580169705
63633223454334565491
24948933297325536476
14432513260696808675
66684711353055422624
33714978772249182859
15748658543215267183
33238067613041359635
76632436043637494293
49055016028849834491
92927419126821824090
20198458020586750587
70819978253490201962
39585872896911894787
82307776911908988037
23543071887422121726
83139317135329268323
64718455813882953621
25862847240629908131
76205018631451207224
90120063908387310050
10118938516797667410
98189896543736184587
22163021565003466025
27767513292000875145
80208555605205072714
22955463120651944681
51944186314902911691
59814153318391380277
56936054629998711484
83025299428520167533
36787266297037235178
86357424027201619499
60232171499064511062
49688647715277771244
11288896744482303764
89989363604496641980
86046760975978533837
60213882312575871740
70826100503470252570
32761751557817891392
20349012926294283742
34941957412216202297
41793621253918870527
18492715508350179634
68821183860807365569
78397250248062656634
33709052523763832094
76012542539632812535
97647477622300057061
90700678440191814917
33000222479854786006
62814213849702095387
81097391262665054319
90134858220636105742
71620482233272454168
83754617389999863886
69420236892867353595
55476569374525474430
90056064577273285913
57522866009126948282
60168649477946376988
62532000980967214484
50086250921780695721
97186804957083072124
80931489677371221509
70510970635371138060
33770117196640639953
25924170768276904836
80810229756463797491
20414608742539821778
77896464542097754465
60458286853401778089
99008014827264815956
89354122779140478768
75080736408553056827
25567806625005638163
56046069463868493618
39104118643477074530
81588526722906002460
49098249214030072919
85692516043155336549
52201921970638229073
57711049128460041639
21724165785927364797
83116132154170470138
69978014359438552831
58288307380336214897
47905299377441641033
27671718680786696185
89288868383338047689
77318051968234663217
89764535769511559066
90177115977673656394
74252443860892231834
79374557491994905117
71907503676510159059
52665734996715524770
86224631435497646661
21420064055534231573
25100082887015080715
75778011805507739906
40296104222055290283
40082202458408425427
84008682385059268528
34205944919934125726
98303576410725127087
69446989983558082814
87654273321514813748
58601071703986514510
72692014970354152639
36471594420000817199
77264520290994510378
69516022227361007231
70480187347134424649
50769500563732129826
87916980929399979630
42745912812417655016
31526944607437900226
39131220812286347662
82829991985735498493
90485129738092318741
10611497627277998169
16503169952197725398
35080411359341508356
77377932078207146112
100000000000000000000
21309913458573389553
23044516463431995838
91289606409454663995
67986167100033510095
10187530661828543968
30207473016757889078
64736049538107288891
25385056673408081535
32327880146259183957
21938776557436392968
30337949919420659561
76107150829824586973
72817797988980520243
72292812478637723725
99679059766818929546
87391477137007324061
32719706267674316758
18792023759228973612
22071563210885649232
46774701449247833044
82065680521840467272
12573501586719023980
28683821021569070166
37586756719866266841
19193465243891124327
55274119542585566871
18166806895609386004
70574048774978236326
50758987542110206675
17325629201162147244
48409956564740790910
92562647237789422538
67697609076687766537
24994852545251237606
75618087132804931500
97754622291821811558
28252502382061523079
78722917695235264904
32874638049797513780
19920073976493380371
80300296543705072842
50453703066359958843
91963684667274100644
36528406496659628875
47678974771821937723
15089488458167866853
44669874461113487327
59662997416769257058
10340391969338056640
59152657531201333482
56155015713754529926
98683667307482628952
11376187371940801477
82054100253623975142
41984521924280343673
91128535299798552142
63305036002835909642
54187251160263300362
70234129178246852315
89024765713338510876
21901283298348743784
42530929967232645238
86517128415505023831
20519713120687492445
28843022325585470696
87850849216727490476
72282621608928855489
72993027995208359656
60446570505421216605
99292044854575274260
23862707674312475580
53827353748001645831
51852907600732707133
57580812495643257124
50170677675538642969
40068549468323622470
58437063502684564514
50556930420206737538
90062024999503704948
88710107907693364984
37184768963969756052
60694271508241552774
96155450201998970698
37681364035850998024
54575791281131306490
16552212565889934701
96217526820900492062
