50
100 3 3
500 500 500
500 500 120
500 140 500
10 10 10
10 10 10
10 10 10
100 3 3
500 100 500
100 100 500
500 500 500
10 10 10
10 10 10
10 10 10
405 7 10
1000 615 1000 996 1000 251 1000 995 1000 589
910 102 522 449 925 602 944 399 818 373
900 288 897 300 199 959 467 915 443 95
907 671 830 665 396 199 615 890 837 52
933 724 912 109 764 772 556 743 648 613
851 261 831 646 468 113 927 341 680 702
1000 996 1000 533 1000 991 1000 204 218 779
1 581 1 289 1 217 1 557 1 558
331 86 402 406 23 600 42 389 165 354
832 256 293 287 104 945 90 881 76 81
2 669 767 665 12 172 31 861 46 43
781 677 365 84 58 740 259 737 455 558
392 251 493 642 361 66 236 297 651 154
1 314 1 497 1 195 1 156 172 362
497 9 1
773
497
497
497
497
497
497
497
497
356
417
417
417
417
417
417
417
417
159 2 3
1000 127 863
157 1000 859
1 64 592
53 1 373
718 6 6
1000 758 1000 1000 1000 844
830 1000 195 1000 920 866
329 1000 320 1000 385 929
831 1000 843 1000 886 823
851 1000 1000 1000 673 567
105 1000 326 1000 312 800
1 83 708 1 1 573
786 1 167 1 916 788
313 1 294 1 355 202
798 1 843 1 845 412
823 1 1 1 633 226
69 1 319 1 291 345
243 8 9
1000 283 1000 1000 1000 501 791 1000 222
448 1000 279 1000 70 492 520 69 760
782 1000 934 1000 410 481 310 733 67
395 1000 404 1000 269 415 237 725 66
256 1000 1000 1000 214 500 686 927 964
981 1000 678 1000 164 730 639 525 857
428 1000 419 1000 932 529 296 959 445
512 1000 887 1000 978 272 686 715 790
1 94 233 1 1 345 759 985 195
440 1 267 1 21 156 17 32 743
755 1 927 1 390 445 186 86 54
367 1 378 1 263 410 224 550 56
214 1 1 1 179 468 651 475 925
972 1 657 1 137 686 591 154 853
385 1 381 1 926 528 296 379 437
481 1 860 1 976 243 658 611 381
866 10 10
952 949 996 965 913 320 871 944 976 875
980 315 542 966 989 928 943 768 422 999
879 413 693 856 415 877 783 661 975 883
873 809 866 855 979 892 913 759 993 181
657 546 314 713 968 995 1000 713 530 417
944 835 966 903 308 871 619 941 662 425
374 837 830 207 804 727 972 863 584 949
407 923 359 924 738 897 798 340 806 618
944 730 573 883 985 797 959 780 947 642
959 959 736 508 990 946 398 654 491 753
900 386 949 928 416 278 242 860 969 817
517 125 34 949 630 880 743 730 360 945
148 9 220 356 362 256 150 539 933 508
719 403 707 855 493 545 681 493 989 112
526 252 77 545 629 922 143 581 511 267
221 230 325 730 158 840 577 234 585 13
353 263 609 48 548 474 477 52 301 818
42 625 100 271 627 600 569 178 310 467
891 710 529 872 973 255 697 633 909 379
890 866 644 340 620 925 165 229 462 306
761 10 10
811 953 646 308 825 968 620 861 114 991
815 928 944 571 790 994 823 756 842 744
849 966 988 728 966 945 591 972 688 970
843 685 999 837 719 600 825 972 922 570
140 309 614 722 765 713 890 806 765 985
942 603 948 804 183 677 706 300 1000 941
620 577 874 932 709 832 831 631 760 551
1000 945 790 230 354 998 981 786 840 664
492 554 185 942 632 839 959 596 687 955
863 992 913 997 622 901 988 802 932 417
190 952 326 5 257 945 362 114 3 900
20 733 522 508 579 540 773 714 688 161
838 43 786 678 880 483 335 908 578 378
248 74 554 503 390 18 791 517 677 68
122 42 309 664 420 536 277 188 688 921
545 79 722 614 140 657 583 105 999 128
476 438 203 907 391 706 544 206 730 14
971 481 720 147 335 840 793 523 263 236
384 486 76 896 100 377 931 327 270 71
747 957 539 886 108 898 766 769 66 13
330 9 7
1000 889 1000 966 1000 989 297
939 504 902 914 481 931 630
688 405 964 89 505 784 942
826 595 880 397 911 558 406
548 751 739 296 888 997 813
989 821 864 916 693 528 633
807 226 529 476 740 972 712
948 335 534 314 667 768 551
1000 922 1000 389 1000 368 1000
1 854 1 430 1 983 269
352 482 40 884 308 929 628
113 383 776 61 331 759 900
441 571 516 397 73 532 395
355 716 254 259 414 966 790
128 817 279 879 578 491 610
167 185 409 430 597 936 710
622 328 455 312 51 742 520
1 496 1 375 1 232 1
137 2 5
1000 807 996 1000 390
513 863 805 712 775
1 285 889 904 290
168 318 161 618 472
53 3 5
590 984 506 723 398
990 766 580 603 556
942 258 702 877 192
53 36 29 17 5
53 14 42 15 23
13 38 47 15 40
21 10 10
940 959 694 959 672 645 603 705 917 453
944 807 707 866 451 906 954 738 779 598
662 999 889 892 830 917 788 417 865 744
561 939 539 771 947 407 888 316 983 475
836 773 574 935 794 673 976 502 827 998
648 851 864 997 706 714 862 823 892 797
721 991 486 996 967 949 876 749 586 652
713 961 966 854 813 297 483 780 872 987
985 989 867 261 666 926 999 725 304 920
881 1000 918 863 962 821 550 891 555 756
888 802 650 683 2 497 327 525 226 433
82 450 129 436 380 586 740 709 477 556
6 547 48 80 708 390 710 314 487 444
162 274 362 375 851 72 600 187 679 273
834 379 442 514 504 145 908 205 300 973
395 357 685 994 264 454 631 594 875 352
205 970 41 193 108 752 305 465 445 312
427 9 300 481 631 191 274 313 53 412
711 583 155 219 208 909 999 395 10 824
59 390 526 163 936 676 531 268 173 395
630 10 10
680 433 819 776 960 757 885 900 707 715
785 787 600 722 949 976 956 497 977 807
878 990 816 894 890 167 308 893 864 599
711 965 908 839 747 979 882 972 888 807
472 871 990 683 955 930 821 326 667 976
987 821 464 396 656 824 952 944 949 905
698 969 968 312 663 343 616 873 985 321
927 639 772 771 313 789 879 819 973 631
501 950 637 981 718 861 914 718 574 814
651 785 214 561 981 382 666 423 329 801
306 146 508 620 936 202 826 868 548 422
296 371 377 551 516 941 703 408 951 577
11 968 290 141 776 85 144 693 782 526
483 964 110 399 692 90 805 948 245 484
354 794 927 454 576 709 797 155 395 902
927 256 400 101 114 719 856 196 701 194
628 102 927 122 149 236 365 517 978 112
905 318 694 245 162 37 45 565 586 347
412 879 290 892 715 490 642 91 230 625
469 722 185 187 675 215 400 214 43 256
919 8 7
1000 959 1000 1000 1000 893 512
444 1000 450 1000 688 646 676
941 1000 879 1000 144 680 959
460 1000 998 1000 649 968 224
230 1000 720 1000 292 877 397
838 1000 1000 1000 805 563 620
446 1000 295 1000 704 272 709
683 1000 405 1000 563 989 712
1 429 909 1 1 450 482
397 1 412 1 662 533 649
920 1 848 1 134 393 956
424 1 986 1 642 298 186
195 1 707 1 248 238 355
827 1 1 1 768 385 278
415 1 269 1 690 234 431
669 1 376 1 546 963 596
211 9 6
1000 881 1000 534 1000 184
904 499 570 451 1000 15
910 309 693 860 989 600
978 27 736 873 992 987
303 476 752 205 489 674
323 551 742 503 321 381
271 359 563 247 936 265
857 313 648 458 926 373
1000 905 1000 16 634 980
1 841 1 267 1 151
427 455 467 427 521 14
698 298 463 822 903 579
139 15 203 846 917 116
240 440 685 191 452 35
156 537 107 489 317 150
103 335 502 240 908 163
46 280 408 432 909 173
1 563 1 10 590 87
501 5 4
676 1000 611 869
531 1000 957 767
795 585 819 249
865 713 582 876
995 657 735 995
414 977 255 238
472 1 259 48
99 47 34 162
440 483 304 97
458 197 195 445
415 8 9
758 461 949 914 896 386 865 875 1000
904 978 380 252 855 381 734 723 262
1000 448 920 835 853 741 648 937 1000
627 333 473 481 768 647 76 283 153
1000 595 844 599 486 549 93 88 499
97 424 837 819 948 113 131 129 160
263 994 677 983 982 971 866 668 62
314 670 565 18 416 921 609 557 836
260 397 106 800 306 1 239 557 1
719 961 348 203 817 356 703 719 130
1 142 31 540 544 533 166 71 1
21 299 468 460 739 626 71 270 135
1 487 110 422 468 508 68 71 460
76 411 801 157 942 86 125 127 132
216 954 666 486 918 164 839 620 43
285 643 538 5 386 293 275 412 390
745 5 3
950 853 826
816 949 954
836 888 851
908 804 941
795 831 934
677 300 493
635 739 34
677 63 207
382 612 339
622 659 527
496 8 10
1000 790 652 617 897 476 382 116 147 510
740 942 608 941 988 971 241 787 606 260
698 688 810 657 920 910 878 676 992 205
744 765 624 658 863 928 921 881 975 926
870 641 689 949 947 952 537 979 997 977
396 929 670 950 780 935 567 793 977 792
187 975 995 984 963 935 868 580 439 652
806 156 280 983 934 932 800 943 916 945
1 545 110 137 171 402 377 114 111 475
580 719 384 352 696 298 185 764 560 250
163 291 68 548 819 786 272 627 954 202
637 675 347 357 161 754 612 751 16 439
150 253 338 414 505 72 226 84 765 673
395 531 632 188 246 320 128 459 440 213
172 678 430 768 842 728 37 167 243 258
777 140 247 317 763 312 406 563 607 542
165 6 5
1000 207 1000 971 1000
658 1000 733 392 708
726 521 876 876 775
728 141 918 730 520
406 717 799 168 856
1000 476 1000 987 775
1 158 1 132 1
410 998 639 383 131
141 484 604 847 406
356 139 624 711 314
48 692 510 135 175
1 109 1 986 132
541 10 10
1000 581 1000 1000 1000 524 955 131 962 799
877 1000 258 1000 220 694 629 662 186 313
341 1000 399 1000 516 858 756 779 516 252
600 1000 510 1000 769 844 663 355 863 237
913 1000 130 1000 677 999 679 969 162 87
584 1000 1000 1000 334 144 968 794 714 401
210 1000 263 1000 55 988 560 749 700 820
710 1000 134 1000 910 671 228 563 767 220
671 1000 392 1000 237 98 677 279 975 727
552 1000 997 1000 477 68 233 935 842 747
1 165 531 1 1 307 935 125 925 776
871 1 254 1 199 110 248 644 164 304
336 1 376 1 513 825 383 765 473 229
568 1 507 1 729 831 64 334 853 223
866 1 116 1 658 964 443 610 131 79
574 1 1 1 320 109 962 311 615 370
176 1 262 1 35 955 532 729 611 815
688 1 130 1 910 635 187 516 568 192
626 1 374 1 192 68 668 231 355 702
515 1 980 1 436 55 189 922 695 637
657 10 10
752 970 649 963 486 972 889 842 950 701
783 989 980 673 857 916 757 957 990 563
931 880 280 492 575 884 928 973 360 901
700 824 263 812 726 957 462 990 948 725
555 379 743 394 905 979 170 544 575 789
647 843 995 408 996 894 336 866 992 815
544 999 720 909 670 929 313 728 976 592
852 928 672 830 696 769 392 891 835 947
817 590 979 817 719 924 94 983 859 596
426 981 983 436 316 814 981 317 390 707
500 697 512 361 481 278 877 275 775 72
59 682 831 539 788 24 663 791 882 401
402 777 222 25 484 206 293 894 309 639
505 477 87 774 121 682 204 844 213 125
71 202 569 83 879 678 87 358 125 493
286 565 984 340 879 893 146 858 893 295
364 480 663 159 577 44 39 644 729 524
447 505 566 10 653 228 192 191 586 228
20 259 789 43 238 828 38 980 46 462
292 771 803 431 141 382 967 227 247 383
673 10 10
881 907 952 902 955 840 979 967 928 980
871 825 793 969 990 977 741 559 873 916
700 646 428 822 622 321 669 603 582 933
779 704 913 394 779 958 761 872 990 497
909 897 489 760 317 957 973 879 987 974
766 901 847 820 935 977 870 975 935 884
607 960 964 987 528 90 584 834 999 862
985 688 333 812 993 635 552 838 690 692
931 681 997 522 919 594 625 996 874 530
565 742 836 927 965 895 744 521 952 660
816 695 900 392 954 785 638 177 233 972
494 491 590 796 986 975 685 150 768 515
432 331 266 250 168 244 205 200 51 913
388 645 760 8 39 953 525 233 978 421
443 862 108 412 281 898 916 809 689 906
677 901 587 705 27 60 493 48 623 110
41 922 901 982 166 20 97 418 207 598
576 613 283 20 929 159 135 276 456 114
849 154 970 332 647 231 290 993 407 173
492 8 417 366 597 524 744 93 577 421
256 10 10
868 939 738 662 722 242 858 994 319 993
970 996 768 388 984 998 189 638 907 444
193 933 988 963 701 952 204 835 794 856
614 689 760 883 962 728 879 945 809 752
904 307 426 669 963 952 594 321 976 332
537 526 888 988 973 865 888 978 991 682
788 782 755 632 740 922 859 631 907 933
750 610 551 922 887 702 807 591 763 803
946 751 567 967 992 513 878 535 895 763
570 857 782 306 1000 991 827 944 754 681
734 521 490 354 651 195 647 949 61 780
946 54 590 26 968 851 47 334 741 390
108 539 845 619 446 512 57 182 707 835
608 423 132 748 792 614 867 655 352 684
600 244 167 653 820 898 524 302 780 231
479 122 529 942 42 734 820 971 754 562
462 738 483 344 1 836 771 466 437 235
383 469 297 891 526 37 287 563 323 63
833 30 559 957 901 499 612 189 110 561
235 749 688 297 569 975 495 551 84 179
772 10 10
822 954 970 637 459 350 748 910 371 998
643 682 724 473 959 979 513 663 989 429
864 923 998 731 460 198 913 865 990 778
870 708 984 698 515 724 106 689 98 972
545 955 764 882 775 991 299 581 431 570
124 547 979 991 937 980 865 601 966 669
940 966 649 850 809 751 650 974 755 550
999 624 990 160 874 868 901 911 444 909
894 861 753 630 591 919 607 781 986 397
558 898 988 445 872 540 928 996 678 912
250 587 792 401 409 343 365 782 204 991
368 481 288 424 197 836 291 309 981 271
306 921 993 658 315 65 753 167 151 370
55 124 980 492 493 701 80 566 26 971
493 89 589 654 174 131 294 149 390 232
106 406 904 960 402 973 668 94 572 382
197 338 470 762 726 93 629 823 173 165
416 541 677 33 143 847 630 779 373 310
589 487 604 452 533 25 13 389 67 84
93 809 465 173 183 390 235 987 215 456
307 6 10
1000 347 1000 1000 1000 815 660 540 655 993
452 1000 443 1000 163 847 749 234 599 718
20 1000 768 1000 322 715 987 739 735 960
69 1000 428 1000 800 760 660 909 926 154
78 1000 1000 1000 268 449 425 410 983 534
40 1000 243 1000 590 658 178 298 704 545
1 230 297 1 1 764 619 515 649 986
429 1 440 1 132 377 727 219 594 700
12 1 750 1 278 541 86 548 686 944
33 1 409 1 775 725 634 439 725 132
70 1 1 1 224 443 384 367 638 498
18 1 201 1 570 620 129 279 178 24
422 10 10
999 935 555 659 949 837 650 493 936 781
951 822 594 874 846 823 964 998 845 872
888 465 683 689 384 586 661 146 942 936
786 815 920 859 963 831 567 607 799 391
929 997 863 554 702 697 620 768 777 837
889 835 754 493 866 772 784 596 961 942
989 719 863 908 724 347 759 723 598 747
950 726 989 305 998 982 777 830 430 370
921 938 822 941 932 808 433 947 939 978
856 994 910 799 429 841 440 436 859 997
872 244 539 277 350 820 500 241 834 629
735 378 505 754 414 749 948 381 740 596
853 208 401 197 212 129 502 61 733 718
423 472 77 576 437 806 274 120 683 90
846 895 549 352 580 467 238 616 156 579
386 135 359 276 626 388 529 99 190 765
940 204 847 392 698 73 705 93 516 456
790 612 329 208 948 827 570 7 312 121
129 36 103 895 904 760 147 769 145 125
300 986 904 636 209 705 301 169 572 798
587 10 10
822 636 995 725 945 981 554 538 980 952
740 830 777 140 901 947 857 730 943 933
909 955 429 647 703 450 989 431 330 981
926 971 705 836 918 980 575 860 972 735
850 907 558 100 352 920 469 815 374 758
840 969 980 786 965 812 949 832 168 646
985 727 812 829 987 984 675 985 896 736
455 390 615 779 914 959 939 709 866 791
728 890 918 850 598 873 821 860 791 631
786 876 424 786 819 645 663 816 952 820
467 550 956 676 199 605 165 339 924 608
494 154 18 112 766 230 298 726 723 805
297 557 163 512 153 211 970 287 172 767
594 753 126 440 582 824 356 767 274 308
770 607 233 57 348 396 170 719 329 198
302 660 752 682 927 803 858 746 7 197
977 513 220 497 818 35 419 734 861 547
404 167 483 319 702 244 444 264 372 411
488 865 361 428 13 713 379 30 481 341
335 655 356 169 691 72 376 788 886 284
516 9 10
1000 809 471 774 574 613 560 595 997 324
556 808 683 723 442 633 470 451 879 280
870 766 488 911 588 785 935 932 569 380
645 659 641 681 962 913 978 928 718 788
389 957 502 859 917 992 572 788 717 457
372 262 645 603 441 573 908 919 331 615
18 41 897 790 725 967 976 959 972 525
401 648 31 998 787 677 834 603 517 766
129 666 722 162 941 954 840 888 976 504
1 14 18 60 529 590 558 570 983 302
454 264 107 26 53 329 302 271 831 272
794 657 158 85 276 445 170 881 40 337
600 165 400 269 865 381 824 507 647 107
388 837 401 493 369 443 505 490 218 74
323 221 409 187 130 451 119 461 78 160
6 10 1 157 578 900 685 904 117 370
362 632 12 985 227 406 381 435 408 319
95 655 684 134 537 770 513 615 276 254
180 9 4
297 821 326 715
456 327 933 379
810 326 776 418
929 670 842 571
441 839 444 475
613 557 833 328
936 283 916 683
399 820 862 534
550 995 696 819
24 154 67 129
111 54 128 151
28 88 134 65
69 149 11 161
100 122 102 94
43 41 127 125
45 29 176 69
162 63 12 130
101 148 66 107
504 10 10
608 514 316 810 712 704 920 840 971 566
825 979 840 732 699 922 800 606 938 959
850 420 448 563 752 960 590 855 816 581
680 962 639 673 278 722 911 735 995 934
790 689 998 556 704 608 931 955 660 878
883 972 757 649 841 562 967 925 388 867
407 446 817 651 673 423 991 371 779 977
913 735 954 796 678 722 774 985 794 984
988 577 1000 903 976 915 84 939 463 613
815 986 976 499 537 938 680 928 687 733
246 45 96 195 702 647 552 692 945 35
780 958 816 145 201 766 321 419 736 636
829 275 350 472 737 775 399 767 589 361
42 677 605 18 95 58 67 206 425 68
715 380 926 31 489 6 383 948 480 870
838 600 161 627 600 449 696 74 326 382
256 400 772 301 98 377 872 129 250 968
164 453 595 567 446 438 686 529 289 60
351 568 115 605 882 738 43 448 399 261
314 678 886 456 386 407 654 309 282 211
358 10 10
977 993 982 924 832 948 679 819 995 998
801 863 923 992 489 473 930 767 920 920
439 782 589 987 965 773 978 812 266 828
219 986 330 433 896 612 718 1000 589 596
717 515 922 791 841 870 985 805 714 976
983 426 715 966 134 899 977 789 782 772
637 984 730 227 964 477 992 829 776 660
707 736 666 988 623 978 457 847 615 836
900 486 998 460 360 952 973 686 484 834
692 924 291 843 738 538 670 921 430 637
911 451 732 270 349 503 45 772 987 778
668 184 263 821 449 265 632 513 880 880
410 242 585 61 427 378 946 447 108 495
5 964 143 8 137 364 487 1000 559 250
83 430 892 587 729 258 565 497 49 412
971 381 560 745 61 455 972 277 760 565
246 924 43 177 957 276 953 532 740 629
433 646 319 971 333 918 357 215 116 297
833 478 476 296 260 366 711 448 235 162
304 848 272 410 513 419 70 482 421 266
668 2 2
1000 97
509 1000
1 10
283 1
320 1 5
392 611 851 899 754
96 278 112 177 176
627 10 10
996 970 547 985 753 936 900 529 720 784
884 965 982 781 426 753 834 782 992 818
928 747 948 975 929 942 961 849 280 993
227 780 982 876 578 901 900 647 574 940
987 574 700 557 871 654 581 862 374 940
569 455 918 913 553 392 876 864 949 935
927 709 700 267 993 642 618 495 534 944
634 254 945 960 701 385 970 837 699 818
919 844 706 571 962 675 990 588 697 671
856 278 984 651 800 792 445 909 984 980
818 303 531 756 54 917 897 378 99 163
659 786 635 584 30 354 108 637 838 32
877 743 836 776 871 291 146 776 108 993
61 511 240 71 455 320 840 595 534 545
801 285 137 521 112 324 564 54 94 879
455 157 612 613 543 294 113 640 597 780
730 605 460 95 573 592 121 25 499 631
146 88 716 377 592 382 148 290 647 592
383 650 427 392 663 319 553 353 485 534
237 100 649 439 474 266 204 114 940 387
909 10 10
964 971 989 552 847 739 992 992 911 459
857 495 801 982 349 461 842 530 993 860
917 312 623 760 837 951 937 505 443 947
990 550 880 970 946 936 935 896 924 990
963 781 524 985 938 996 797 574 585 783
640 958 611 506 879 974 880 510 1000 801
817 321 998 311 598 989 434 631 902 587
788 962 970 960 855 995 914 975 426 411
687 875 801 466 527 958 578 991 819 977
761 824 979 830 663 92 992 779 640 946
820 334 717 541 686 165 167 451 38 455
754 193 466 767 279 398 142 521 991 174
794 52 79 653 382 360 928 193 429 505
985 95 852 687 563 869 901 19 851 447
834 69 339 858 925 994 616 386 422 660
636 691 384 282 140 87 250 31 985 264
602 169 880 35 329 988 189 204 91 508
439 795 530 943 417 126 176 56 199 347
369 843 716 436 467 684 102 556 3 200
668 144 970 528 404 46 913 768 44 292
597 9 3
750 1000 910
625 755 453
670 977 841
909 752 920
337 976 887
905 829 851
910 60 714
198 916 729
409 230 796
570 971 108
575 144 72
354 549 762
62 237 429
179 1 638
621 719 4
272 2 402
144 101 167
255 157 16
187 10 10
981 1000 236 499 325 399 409 715 700 1000
507 220 318 524 185 38 789 89 250 948
1000 245 950 549 790 968 994 891 909 1000
849 637 29 56 1000 962 656 654 598 643
1000 967 993 732 784 398 738 669 366 350
583 873 310 418 432 519 59 311 497 30
763 540 768 386 327 265 861 719 562 103
681 807 438 443 766 823 846 435 228 63
539 900 254 79 126 711 408 806 799 438
965 488 632 106 84 934 39 208 714 948
800 1 121 105 255 149 250 310 526 1
260 176 297 505 177 8 786 54 210 138
1 85 115 450 383 626 639 669 623 1
707 600 25 23 995 950 639 623 556 608
1 629 253 713 759 391 699 647 347 308
577 856 149 116 424 519 13 272 462 9
714 529 741 197 175 164 185 692 520 61
653 793 425 406 752 809 285 48 217 49
508 889 222 39 125 683 382 358 205 396
965 457 598 91 46 930 22 166 431 162
633 9 2
976 914
715 734
958 963
838 850
734 740
769 869
976 693
986 875
827 787
290 5
299 288
22 416
412 249
434 103
215 364
193 428
461 568
303 444
805 4 9
1000 946 706 829 818 522 70 862 87
913 979 933 997 822 836 966 912 84
765 343 315 852 665 745 981 656 682
620 134 899 895 771 918 965 995 622
1 56 325 650 280 485 49 816 48
844 280 47 240 659 119 278 363 65
566 104 225 253 380 129 656 498 244
612 124 758 512 627 823 833 546 98
326 4 5
770 1000 624 971 664
356 1000 878 796 870
410 900 481 661 878
628 521 595 846 837
239 979 267 88 50
296 1 184 632 697
102 226 225 170 770
246 285 101 202 372
316 7 7
1000 166 821 386 83 274 958
142 1000 750 567 107 475 572
612 964 409 783 651 122 942
566 635 480 758 498 146 174
810 455 988 853 780 862 724
66 180 466 965 559 436 834
237 795 597 319 874 890 897
1 66 430 124 2 93 678
76 1 229 308 20 279 336
277 44 253 241 429 65 684
399 383 83 365 250 81 11
167 212 403 723 88 554 265
1 81 175 577 136 272 66
56 266 233 17 689 754 478
949 8 9
1000 989 1000 1000 1000 673 811 433 176
801 1000 410 1000 912 262 775 258 185
994 1000 537 1000 626 979 951 567 998
55 1000 522 1000 205 829 839 24 312
240 1000 1000 1000 459 58 656 166 734
724 1000 70 1000 311 455 390 439 215
652 1000 683 1000 84 505 623 379 849
681 1000 800 1000 481 622 306 538 587
1 469 939 1 1 593 520 407 155
752 1 406 1 911 249 640 222 165
970 1 514 1 597 957 74 552 977
22 1 488 1 186 828 352 15 284
233 1 1 1 425 57 86 135 713
716 1 31 1 291 432 268 431 196
624 1 666 1 49 494 329 60 231
662 1 792 1 474 603 279 500 36
765 10 10
815 895 757 984 929 962 844 843 227 97
794 446 886 905 681 867 721 949 422 947
614 970 816 756 994 507 780 538 601 539
750 432 710 962 805 971 654 593 89 798
714 604 608 867 544 609 872 932 711 907
886 818 961 399 726 487 990 284 763 724
460 989 906 298 764 457 958 530 995 569
715 391 704 742 738 577 463 465 767 327
649 777 738 655 635 686 533 793 981 389
849 951 581 975 955 596 443 192 328 246
581 790 341 876 914 275 761 820 37 58
219 229 481 83 107 779 409 651 137 857
287 180 406 515 986 345 246 469 331 251
342 208 301 877 87 840 568 198 73 471
399 73 388 174 330 562 294 432 682 383
745 207 944 340 401 426 977 97 374 193
24 963 227 262 178 362 866 164 694 178
313 376 297 60 583 366 358 274 389 195
179 646 512 558 312 307 393 617 973 63
280 864 387 924 23 111 38 52 47 77
418 10 4
1000 139 999 626
233 1000 772 913
940 640 945 539
893 443 960 251
766 752 957 698
616 987 775 77
821 607 965 287
533 893 943 692
284 959 806 694
606 673 991 957
1 56 156 483
154 1 642 750
575 388 200 2
339 317 887 16
649 322 563 377
215 328 688 23
604 91 377 237
364 156 488 87
15 465 638 206
71 355 138 423
294 9 7
1000 940 656 658 968 913 178
799 474 961 769 689 965 780
800 999 724 793 870 887 600
985 842 982 677 716 722 735
975 672 847 646 736 946 839
522 669 804 763 942 790 964
662 988 487 613 844 714 926
970 891 923 525 380 896 964
157 997 549 776 493 769 978
1 142 206 329 474 912 153
348 218 403 468 123 942 759
613 288 394 553 709 870 568
44 486 561 45 269 147 415
168 538 193 454 645 361 641
365 314 777 49 664 122 609
362 467 461 508 202 298 785
922 197 481 294 68 675 843
141 997 327 2 171 479 114
561 7 8
1000 541 255 54 830 250 727 797
66 1000 533 850 813 866 104 295
711 110 138 162 812 832 895 182
479 579 622 606 438 755 629 741
604 619 939 509 779 676 317 775
804 831 259 973 728 928 944 934
669 504 60 420 203 592 971 727
1 68 43 2 550 16 50 293
16 1 434 144 714 333 50 139
346 47 17 17 371 397 458 11
402 17 271 289 199 111 522 620
217 484 179 36 181 98 226 31
629 566 153 85 573 224 11 456
544 136 2 124 10 345 668 219
154 10 10
906 876 976 403 736 770 509 852 978 567
975 889 851 984 712 797 908 625 885 999
855 525 568 804 577 683 572 919 967 778
592 984 875 864 958 796 72 590 740 611
309 911 877 900 837 772 786 969 734 966
655 916 942 804 992 852 571 562 818 597
885 972 762 918 991 883 275 872 571 140
939 574 684 965 825 812 838 606 765 161
569 995 878 943 936 558 368 644 396 689
954 992 624 837 963 774 548 826 704 558
730 451 776 281 714 368 480 739 917 186
583 456 163 980 453 189 575 296 867 592
284 445 284 45 260 404 382 876 765 299
436 459 830 777 718 628 31 544 606 218
169 686 798 693 320 692 582 616 447 459
464 731 509 511 565 376 349 433 64 534
174 937 411 871 296 373 119 305 432 93
898 432 358 887 496 522 821 536 362 89
383 119 620 832 891 399 50 129 29 323
747 116 509 798 946 230 51 533 421 110
148 8 10
1000 511 665 792 988 514 793 710 795 1000
384 943 359 182 717 603 936 854 486 879
1000 573 617 936 818 361 489 667 709 1000
264 524 721 400 179 384 548 320 303 841
1000 971 662 431 55 389 671 510 595 202
684 903 792 824 273 353 649 302 948 402
235 891 999 902 518 383 974 41 185 887
539 920 964 813 566 299 435 444 817 827
1 305 241 45 184 220 70 115 303 1
335 902 343 181 717 599 922 833 456 148
1 163 48 538 213 94 259 416 326 1
119 496 692 352 160 354 506 314 281 813
1 184 624 384 44 389 638 480 563 179
653 475 775 818 241 335 602 278 936 372
224 748 995 894 497 335 956 10 156 840
514 28 423 390 181 191 213 71 180 35
