100
37 31
38 32
3 2
37 10
40 1
34 31
40 39
40 11
35 28
40 5
40 3
40 6
2 2
2 1
39 15
40 2
37 16
31 25
40 2
34 22
38 13
3 1
4 3
37 36
31 5
35 33
30 10
34 21
33 20
38 26
40 7
36 36
38 37
31 19
40 39
36 27
40 39
37 32
35 33
4 2
37 24
38 38
36 18
37 37
40 15
39 23
36 35
40 21
4 1
36 16
1 1
35 34
34 9
37 30
40 17
32 3
32 19
36 1
37 7
32 14
30 20
36 34
32 13
37 16
40 40
32 28
33 4
34 18
40 40
36 25
40 38
40 40
37 12
37 27
31 17
40 17
34 4
33 9
39 35
36 23
40 20
36 14
34 18
33 29
32 29
30 2
39 11
31 12
37 30
39 19
30 22
3 3
30 6
38 26
33 24
40 8
39 8
40 21
31 20
39 1
